6,19,144,190
6,19,153,163
6,42,141,163
6,42,153,163
19,71,144,190
19,71,144,195
19,71,144,227
42,53,141,179
71,74,144,227
0,71,74,143,229
0,71,74,206,261
5,7,43,147,181
11,21,22,169,222
11,22,80,143,184
11,22,143,144,153
11,42,143,144,160
11,80,143,163,222
11,80,143,210,222
15,42,51,148,149
15,52,56,148,149
19,71,144,163,195
21,74,110,169,222
21,74,110,222,229
22,35,74,149,169
22,52,143,149,160
35,52,143,144,149
35,71,74,143,169
35,74,80,143,149
35,74,143,149,163
58,78,147,181,218
74,108,110,206,222
5,19,21,165,206,213
5,19,71,165,206,216
7,43,58,78,147,181
11,42,143,148,149,160
18,37,46,144,145,165
19,49,73,194,206,216
38,88,92,206,236,243
38,117,127,206,236,243
52,56,143,148,149,160
111,117,127,206,236,243
0,74,94,186,206,261,270
6,18,37,144,145,149,165
49,68,88,89,194,206,216
38,68,88,89,194,206,227,236
74,94,110,186,206,239,261,270
26,27,31,37,46,145,157,169,170
26,27,31,34,145,157,169,170,184,189
26,27,31,34,157,169,170,189,211,213
26,27,34,70,169,211,213,214,228,229
26,27,34,70,169,211,213,227,228,233
26,27,74,93,94,95,169,211,228,233
26,27,74,93,94,95,169,211,233,243
27,93,94,95,99,108,164,233,253,256
93,94,128,133,164,256,262,269,271,274
94,128,133,139,251,256,262,269,271,274
26,27,34,70,72,84,169,211,213,218,219
88,93,94,99,108,128,131,164,239,253,256
6,15,30,39,43,49,53,151,159,177,179,183
21,30,43,49,50,145,151,159,177,183,185,212
86,97,110,113,119,127,162,218,230,240,248,272,277
1,14,23,25,28,32,46,49,143,149,161,162,169,170
5,11,19,46,49,50,152,156,162,177,181,185,187,194
5,11,46,49,68,86,97,110,162,218,230,237,240,241
5,11,46,49,68,86,152,162,194,210,218,230,235,237
5,11,46,49,68,86,152,162,194,210,230,235,237,240
5,11,49,68,86,97,110,113,114,162,218,230,240,241
21,30,39,43,46,49,50,145,151,159,171,177,179,183
21,30,43,49,50,77,79,145,151,159,177,183,185,212
21,43,49,87,89,91,145,151,168,220,226,231,235,236
21,43,92,97,99,105,116,122,235,236,241,244,247,255
68,86,97,105,110,113,119,127,162,218,230,240,248,260
5,11,19,46,49,50,68,86,152,162,177,181,185,187,194
5,11,19,46,49,68,86,152,162,181,185,187,194,210,230
5,18,22,43,58,81,103,108,164,191,222,235,243,246,254
9,18,22,43,58,75,81,100,155,181,191,222,235,237,243
18,22,58,108,122,124,128,164,214,235,243,254,261,272,274
21,30,43,49,77,79,87,145,151,168,185,217,220,226,230
21,43,49,59,92,95,97,99,105,106,226,235,236,239,241
21,43,49,92,95,97,99,105,235,236,239,241,244,247,250
21,92,97,99,115,116,122,236,244,247,255,268,271,275,276
83,96,97,119,133,137,139,162,208,248,249,251,257,272,273
86,97,110,113,119,127,136,162,218,230,240,248,272,273,277
9,18,22,25,43,58,75,81,100,155,160,181,191,209,222,235
10,11,15,22,35,42,51,52,56,141,142,143,144,148,149,160
10,11,22,35,42,52,72,142,143,144,149,153,160,163,168,184
10,11,22,35,52,72,74,142,143,144,149,153,160,163,168,184
17,25,32,49,80,83,88,149,152,160,169,214,216,219,223,237
18,22,25,43,58,103,108,124,128,164,214,222,235,237,243,254
21,43,49,91,92,95,97,99,145,151,168,220,226,235,236,239
22,58,70,108,115,124,128,137,214,227,235,243,254,261,272,274
25,32,49,69,71,72,76,143,149,151,152,170,172,196,214,216
25,67,83,88,96,97,105,119,126,162,208,237,251,252,257,258
83,96,97,119,126,133,134,162,208,249,251,252,257,267,269,272
1,23,25,28,32,46,49,143,147,149,152,161,162,165,170,171,196
4,18,26,27,35,41,50,54,55,56,159,164,172,180,181,182,183
4,18,26,35,41,50,56,156,164,167,172,182,183,190,192,193,197
5,11,19,39,41,46,49,50,146,152,153,156,162,177,181,182,194
6,11,15,19,39,41,46,49,50,143,148,152,153,156,162,177,182
7,8,13,15,28,30,36,37,54,140,149,150,156,160,173,176,178
7,17,19,30,32,38,52,53,54,55,160,165,166,167,178,179,180
9,18,22,25,43,58,75,84,155,160,163,181,191,197,206,209,222
10,11,22,35,42,52,56,141,142,143,144,148,149,153,160,163,184
17,25,32,49,71,80,83,88,149,151,169,186,214,215,216,223,228
18,22,25,30,43,58,71,75,76,140,181,186,187,195,196,197,206
18,22,25,43,58,71,75,76,155,160,163,181,191,197,206,209,222
25,32,49,67,83,88,91,96,97,149,152,160,214,216,223,228,237
29,59,60,61,62,63,64,65,66,198,199,200,201,202,203,204,205
81,93,100,102,116,118,125,136,181,214,235,238,254,260,263,265,268
0,1,2,3,4,5,6,7,8,9,140,141,142,143,144,145,146,147
0,3,9,20,22,26,41,57,147,151,159,171,179,181,192,195,196,197
0,3,15,20,22,26,40,41,54,57,147,151,159,161,171,175,179,181
0,4,5,6,7,8,67,68,140,142,143,144,145,146,147,154,184,206
0,9,20,22,26,57,71,72,147,151,159,181,192,193,195,196,197,213
0,9,20,22,26,57,71,74,147,151,181,195,197,211,213,226,227,237
0,9,20,22,26,57,72,74,147,151,159,165,181,192,193,195,197,213
0,11,21,22,71,74,79,88,108,110,143,144,168,186,206,222,229,246
0,20,22,71,74,94,100,113,116,117,147,181,195,213,226,227,237,256
0,22,71,74,94,100,113,116,117,122,147,181,213,226,227,256,262,265
0,22,71,74,94,108,110,124,143,144,186,206,229,239,246,259,262,270
4,16,25,32,36,50,67,69,146,155,158,160,166,167,169,190,191,208
4,18,21,26,27,35,50,70,144,160,164,172,183,190,197,208,212,214
4,18,21,26,27,35,50,70,172,183,190,197,208,209,211,212,213,214
4,25,32,36,50,67,69,76,146,155,158,169,191,192,208,215,216,218
4,25,32,36,67,75,86,88,155,158,191,208,221,223,227,231,234,236
7,8,17,25,30,31,36,37,140,157,178,181,186,187,195,197,206,207
7,17,19,30,32,38,52,58,144,155,160,165,166,167,169,178,187,194
7,17,19,30,32,38,52,58,155,160,165,166,178,187,194,207,212,213
7,17,32,38,83,85,87,91,155,160,187,216,219,230,231,233,234,236
7,17,38,83,98,99,100,102,109,110,187,213,218,229,234,240,241,244
9,19,20,28,40,45,58,70,145,147,158,160,183,184,186,208,209,214
9,22,31,34,35,36,50,57,140,142,146,189,190,193,194,209,210,211
9,22,31,34,35,36,56,57,140,142,146,171,182,189,191,193,194,196
9,34,35,36,38,57,81,91,140,209,216,219,221,223,228,229,230,232
10,11,22,35,71,74,79,80,143,144,149,163,168,169,184,190,209,222
10,25,26,27,28,31,32,69,159,160,162,164,165,166,184,187,191,206
21,34,35,36,38,39,40,150,152,154,155,157,167,169,186,188,189,190
25,28,32,49,69,71,72,143,149,151,152,153,165,169,170,196,211,214
25,32,49,67,83,88,96,97,101,106,107,162,169,214,216,220,226,237
25,32,49,67,83,88,96,97,105,162,214,220,237,247,250,251,257,258
25,32,49,69,71,72,80,82,83,143,149,152,169,172,196,214,215,216
34,35,36,37,38,40,68,70,150,154,157,167,169,186,189,207,208,209
86,98,111,117,119,122,129,130,138,187,208,243,254,257,263,267,280,281
0,4,5,6,7,8,68,73,140,142,143,144,145,146,147,184,206,215,216
0,9,20,22,26,57,71,74,76,86,144,147,151,159,181,195,197,211,213
0,9,20,22,26,57,71,74,76,145,147,151,181,195,197,213,222,226,227
0,9,20,22,26,57,71,74,98,100,147,151,181,195,211,213,226,227,237
0,21,22,71,74,88,94,108,110,121,124,143,144,186,206,222,229,246,262
0,22,71,74,94,108,110,124,136,143,144,186,206,229,239,246,260,262,270
4,25,32,36,50,67,69,76,82,86,155,158,169,191,208,215,218,220,221
4,25,32,36,67,75,76,86,88,155,158,169,191,208,215,218,220,221,223
4,25,32,36,67,75,86,88,97,98,155,191,208,223,225,231,234,236,238
4,25,32,36,67,75,86,88,98,104,111,155,191,208,231,234,236,239,243
4,25,32,36,67,86,88,98,104,111,191,208,234,243,247,250,252,254,257
6,10,11,22,35,45,71,72,74,80,142,143,144,149,153,160,163,168,184
6,10,11,22,35,45,71,74,80,143,144,149,153,163,168,184,190,210,222
7,8,17,25,28,30,31,36,37,140,164,178,181,186,187,195,197,206,207
7,17,19,30,32,38,52,58,155,160,165,168,169,178,187,194,216,218,219
7,19,30,32,38,58,83,84,85,87,151,155,160,165,185,187,216,218,219
7,19,30,32,38,58,83,85,87,155,160,187,194,207,216,218,219,227,230
9,34,35,36,38,43,57,81,84,140,208,209,211,216,219,221,223,228,229
9,34,35,36,38,50,57,72,140,142,146,189,190,193,194,209,210,211,219
9,35,36,38,90,93,95,98,102,111,112,140,187,233,236,238,239,240,243
10,11,21,22,35,71,74,79,88,108,110,143,144,168,169,206,220,222,229
14,21,29,33,34,35,36,37,38,39,40,150,152,154,155,157,167,169,170
36,38,71,90,93,95,98,110,111,117,140,187,233,236,238,240,243,254,256
38,83,98,99,100,102,109,129,130,187,218,234,239,240,244,260,270,275,276
38,90,98,110,111,117,123,129,131,236,238,240,243,249,254,257,265,266,278
86,98,111,117,119,122,129,130,133,208,234,243,252,254,257,260,263,267,278
0,1,3,4,5,6,7,8,140,141,142,143,144,145,146,147,154,160,184,185
0,4,5,7,73,78,79,80,89,140,143,144,147,184,194,206,218,222,223,224
0,22,71,74,94,100,113,116,117,147,181,213,226,227,234,256,262,265,266,268
0,22,71,94,100,113,116,117,122,147,181,218,226,227,256,262,265,268,269,280
0,78,92,93,94,101,102,118,119,143,144,147,206,231,244,248,266,267,268,269
3,4,16,17,23,25,32,36,50,146,155,157,158,160,166,168,169,175,190,191
3,13,16,27,39,42,46,48,49,50,145,148,152,153,158,177,183,189,194,195
4,18,21,26,27,35,70,85,87,172,181,190,197,206,208,213,220,229,235,236
5,7,8,30,37,40,43,45,52,147,150,153,154,157,163,170,177,178,181,183
5,7,27,36,43,58,73,74,87,147,163,181,184,190,191,194,195,210,217,218
7,17,32,38,83,85,94,98,99,100,145,155,160,187,194,216,229,234,236,240
7,17,38,59,83,94,98,99,100,102,109,110,151,155,187,216,218,229,234,240
9,19,20,37,45,58,70,73,75,145,147,158,168,183,184,186,208,209,214,217
9,31,34,35,36,41,51,52,55,56,57,140,142,146,168,171,175,177,182,183
9,34,35,36,38,43,50,57,72,81,140,142,190,194,208,209,210,211,219,221
10,11,19,21,22,35,71,74,79,88,143,144,149,163,168,169,209,220,222,229
10,25,26,27,31,32,67,69,70,159,160,162,165,184,187,191,206,207,212,213
11,12,36,37,42,43,45,46,58,149,156,158,162,163,168,190,191,192,193,211
11,12,36,37,43,45,46,58,69,149,156,158,162,163,168,190,191,192,193,211
16,27,30,42,46,49,58,67,68,145,152,153,156,158,177,185,189,194,195,210
27,30,46,49,58,67,68,73,75,145,152,153,156,158,177,185,194,210,215,217
36,38,71,90,93,98,110,111,117,123,129,131,162,238,240,243,249,254,257,265
81,93,96,100,102,116,118,123,125,181,214,238,245,255,263,265,266,268,269,274
0,4,5,6,7,50,73,77,78,79,80,140,142,143,144,194,206,207,212,215,218
0,4,5,6,7,73,77,78,79,80,140,143,144,147,206,215,218,222,223,224,225
0,4,5,7,73,78,79,89,92,93,94,140,143,144,147,206,218,222,223,226,231
0,4,5,7,73,78,79,92,93,94,101,102,140,143,144,147,206,222,227,231,241
0,4,5,7,78,79,92,93,94,101,102,114,140,143,144,147,206,222,231,241,244
0,9,20,22,58,59,71,74,94,98,100,112,113,147,151,181,195,213,226,227,237
1,2,5,6,7,33,43,44,45,48,52,53,141,147,170,173,174,176,178,180,181
1,9,13,19,20,28,29,30,45,47,48,145,147,151,158,161,162,175,179,180,183
1,9,13,19,20,28,40,45,48,58,145,147,158,160,161,175,179,183,184,186,196
4,18,21,26,27,35,50,70,76,85,155,160,172,183,190,197,206,208,212,213,214
4,18,21,26,27,35,70,76,85,87,155,160,172,190,197,206,208,213,220,226,229
4,18,21,26,27,35,70,85,91,92,99,172,181,206,207,208,229,230,235,236,237
5,6,7,27,30,36,43,45,72,73,147,153,154,163,177,181,183,191,194,195,196
5,6,7,27,30,36,43,45,73,87,147,153,163,181,184,190,191,194,195,210,217
5,7,8,30,31,37,43,45,52,146,147,153,154,157,163,170,177,178,181,183,196
5,12,13,14,17,21,24,33,34,35,38,41,147,152,153,154,155,156,163,171,172
5,13,16,27,29,39,42,47,48,49,50,51,145,148,151,152,153,163,169,176,177
7,17,38,83,98,99,100,102,109,110,122,129,130,187,213,218,234,239,240,244,260
9,19,20,45,58,73,75,78,83,87,145,149,181,184,186,208,210,214,215,224,225
9,20,58,73,75,81,83,85,87,89,145,158,184,186,210,214,224,225,229,232,233
10,23,24,25,26,27,28,29,30,31,32,159,160,161,162,163,164,165,166,167,168
20,58,73,75,81,83,85,89,93,96,100,145,151,186,210,214,223,225,232,234,238
34,35,36,37,68,70,74,75,76,153,154,157,169,184,186,189,207,208,209,217,218
34,35,49,68,70,74,75,77,78,83,84,154,169,184,186,207,208,209,217,218,220
34,35,68,70,74,75,77,78,83,84,169,184,186,207,208,209,217,218,219,225,228
34,35,68,70,74,75,78,83,84,90,169,184,186,207,208,209,217,218,225,228,232
58,81,93,96,100,102,115,116,118,121,125,132,181,214,238,245,252,255,262,263,265
83,98,99,100,102,109,129,130,137,138,187,213,239,240,244,247,260,267,270,275,276
90,98,109,110,111,117,123,129,131,134,236,238,240,243,249,251,254,257,265,278,281
0,4,7,78,92,93,94,101,102,118,119,120,121,143,144,147,206,222,231,241,244,248
0,78,92,93,94,101,102,118,119,135,143,144,147,206,213,231,244,248,266,267,273,279
1,5,7,30,40,43,45,48,52,141,147,150,153,154,163,170,174,175,177,178,179,181
3,4,16,17,20,23,25,32,36,40,50,55,146,155,157,158,166,168,169,175,176,178
4,18,21,27,93,99,100,101,104,109,113,116,162,181,206,208,229,230,235,236,245,257
4,18,21,93,99,100,101,104,109,125,126,131,181,206,208,229,230,235,236,245,257,263
4,25,36,67,86,88,98,104,111,119,120,129,130,208,234,243,249,254,257,260,263,264
5,9,12,17,21,34,38,58,68,71,147,152,153,154,155,156,172,189,190,191,192,210
9,19,20,45,58,73,75,78,82,83,145,158,183,184,186,208,209,210,212,214,215,220
9,35,36,38,57,81,90,91,93,95,98,140,209,216,223,228,230,233,234,236,238,240
10,23,24,25,26,27,28,31,32,37,159,160,161,162,163,164,165,166,168,184,187,188
11,12,24,31,36,37,42,43,44,45,46,47,149,156,158,162,163,168,172,173,174,175
11,12,24,36,37,42,43,45,46,58,149,156,158,162,163,168,174,175,190,191,192,193
11,17,36,38,43,46,79,81,86,88,149,158,162,163,168,191,210,220,221,228,233,234
18,21,93,99,100,101,113,125,126,131,181,206,208,214,229,230,235,236,245,257,263,271
20,49,68,70,74,90,92,97,101,104,108,109,186,218,233,234,238,239,241,245,247,253
20,58,59,73,75,81,93,96,100,101,102,103,151,181,186,211,214,222,226,232,238,242
20,58,81,93,96,100,101,102,103,115,116,181,186,214,222,226,238,245,247,249,252,255
21,58,78,81,99,100,108,109,117,123,124,126,147,208,213,218,226,239,249,251,252,253
21,58,78,99,100,108,109,123,124,126,147,208,213,218,226,238,239,249,251,252,253,266
35,49,68,70,74,75,83,90,92,93,97,169,186,207,208,209,217,218,225,228,232,238
58,78,86,99,113,115,122,124,125,128,229,230,240,243,248,251,256,265,270,271,273,278
68,70,74,90,92,97,104,108,109,115,119,125,186,218,234,237,238,241,245,247,253,255
70,74,90,92,97,108,109,118,119,125,186,218,234,238,245,247,253,255,263,269,274,275
70,90,92,97,108,118,119,125,127,135,136,186,218,238,253,255,263,268,269,274,275,280
5,7,27,36,43,58,73,74,78,86,89,147,163,181,191,194,195,206,210,217,218,220,228
5,9,10,12,21,34,58,68,78,81,84,85,147,152,153,154,155,172,190,191,207,209,210
5,9,10,12,21,34,58,68,78,81,84,147,152,153,158,172,207,208,213,217,218,220,227
5,9,10,17,21,58,78,81,90,98,99,100,147,152,172,207,208,213,217,218,220,226,227
5,9,10,21,34,58,68,78,81,84,90,147,152,172,207,208,213,217,218,220,226,227,229
5,9,10,21,58,78,81,90,98,99,100,108,109,147,172,208,213,217,218,220,226,227,229
11,12,17,36,38,43,45,46,58,81,86,149,158,162,163,168,191,210,211,215,220,221,228
11,12,36,38,43,45,46,58,69,76,81,82,149,158,162,163,168,191,210,211,215,220,221
21,93,99,100,101,113,123,125,126,131,139,181,206,208,214,229,230,235,236,257,263,271,281
22,27,30,46,49,58,67,68,74,75,83,86,145,152,153,158,177,185,186,194,195,209,210
22,27,30,46,49,58,67,68,74,75,86,145,152,153,158,185,194,195,210,217,224,229,230
22,27,46,49,58,67,68,84,86,89,90,145,152,158,194,210,217,221,224,229,230,232,235
27,58,67,68,78,86,99,103,111,113,115,117,164,230,235,238,240,243,248,251,255,256,257
58,67,68,78,86,99,103,113,115,117,126,127,128,229,230,240,243,248,251,255,256,263,265
4,18,21,26,27,35,70,92,93,99,101,104,109,113,162,172,181,206,208,229,230,235,236,237
5,7,27,36,43,58,73,74,78,81,83,86,89,90,147,181,191,195,206,208,217,218,220,227
5,7,27,36,43,58,74,78,81,83,86,90,98,147,181,191,195,206,218,220,227,231,235,237
5,21,58,78,81,98,99,100,105,108,109,117,147,208,213,218,220,226,227,231,249,251,252,253
10,25,26,32,49,70,75,79,80,81,85,160,162,187,206,213,214,220,222,224,225,226,227,231
11,17,36,38,43,46,81,83,86,88,94,96,149,162,163,168,191,210,220,228,231,233,234,239
20,35,49,68,70,74,75,90,92,97,101,108,109,168,169,172,186,217,218,232,233,234,238,241
21,58,78,99,100,108,109,123,124,135,137,147,208,213,218,226,238,244,249,253,266,278,279,280
27,46,49,58,67,68,73,86,89,90,97,99,145,152,194,210,213,217,230,232,233,235,238,240
27,46,58,67,68,73,75,78,86,90,97,99,103,111,162,169,211,213,217,230,235,238,240,243
58,78,86,99,113,115,122,124,128,136,138,213,229,230,240,243,248,251,256,265,271,273,278,279
81,86,94,96,110,115,116,127,129,130,133,231,239,246,249,252,254,255,260,262,273,276,277,278
5,12,13,17,21,24,34,35,38,41,58,147,152,153,154,155,156,157,163,171,172,189,190,191,192
10,25,26,27,32,49,67,69,70,79,80,81,82,159,160,162,165,184,187,206,207,212,213,214,217
10,25,26,32,49,70,75,79,80,81,85,88,160,162,187,206,207,213,214,220,222,224,225,226,227
7,36,43,58,74,78,81,83,86,90,92,93,98,101,108,147,181,206,208,218,227,231,235,236,251,253
11,17,36,38,43,46,81,86,88,94,96,105,108,110,168,191,211,220,231,232,233,234,236,239,241,242
11,17,36,38,43,81,86,88,94,96,105,108,110,168,191,220,231,233,236,239,244,246,252,253,254,255
25,32,49,70,79,95,96,102,103,104,105,111,115,116,162,187,213,214,222,226,227,234,239,250,251,252
25,70,81,96,102,103,104,111,115,116,118,122,123,124,162,187,213,222,226,234,239,252,256,260,261,262
58,74,78,81,83,86,90,92,93,98,101,108,147,164,181,206,208,218,227,231,235,236,251,253,255,263
58,78,81,83,86,90,92,93,96,98,101,108,147,181,206,208,218,227,231,235,236,251,253,255,263,271
70,81,96,102,111,115,116,118,122,123,124,128,162,187,213,226,239,252,256,260,262,267,268,274,275,276
10,25,26,32,49,70,75,79,81,85,88,95,96,160,162,187,213,214,220,222,225,226,227,231,232,238,239
81,86,94,110,116,126,127,129,130,133,136,138,139,187,231,239,246,249,255,256,260,262,270,276,277,278,281
0,4,10,11,12,16,17,18,19,20,21,38,46,143,144,145,149,151,152,155,156,158,167,168,169,172,185,186
0,4,10,11,12,17,18,19,20,21,22,46,71,143,144,145,149,151,152,155,156,158,168,169,172,185,186,195
0,4,10,11,18,19,20,21,22,46,67,68,71,143,144,145,149,151,152,155,158,168,169,172,186,197,207,211
10,25,26,32,49,70,75,79,81,95,96,103,104,105,106,107,162,187,213,214,222,226,231,232,234,235,239,242
70,81,96,102,111,116,118,122,123,124,125,128,133,162,187,213,226,239,260,262,266,267,268,269,274,275,276,279
0,4,8,10,11,12,13,14,15,16,17,18,19,20,21,22,143,144,148,149,150,151,152,153,154,155,156,157,158
0,4,8,10,11,12,13,16,17,18,19,20,21,143,144,148,149,151,152,154,155,156,157,158,169,172,183,185,186
0,4,10,11,12,18,19,20,21,22,46,67,68,70,71,143,144,145,149,151,152,155,158,168,169,172,185,186,197
0,4,10,11,12,18,19,20,21,22,46,67,68,71,143,144,145,149,151,152,155,158,168,169,172,185,186,197,211
0,4,10,11,17,18,20,21,22,46,67,68,70,71,79,143,144,145,149,151,152,155,168,169,172,186,207,211,229
0,4,11,17,18,20,21,22,67,68,70,71,79,88,92,97,143,144,164,168,186,214,226,229,230,245,246,247,248,249
0,4,17,18,21,22,67,68,70,71,88,103,105,109,111,117,143,144,164,186,214,226,229,230,241,245,246,247,248,259
0,18,21,22,70,71,97,109,110,111,117,126,127,131,143,144,186,214,226,229,230,245,246,247,248,259,270,271,272,273
17,36,38,43,81,86,88,94,96,105,108,116,120,121,127,128,129,130,164,231,239,246,249,252,254,255,260,262,263,264
0,4,10,11,17,18,20,21,22,46,59,67,68,70,71,79,88,97,143,144,151,155,168,169,172,186,211,214,216,229,230
0,21,22,70,71,97,109,110,111,115,117,126,127,131,135,143,144,186,214,226,229,230,246,247,248,254,259,270,272,273,280
