298,92,121
606,92
494,240,1416,92
92,240,189,711,710
621,92
316,92,657
767,293,1183,92
71,92,1064,1151,940
994,92,28
631,92,54,758,757
647,92,102
1327,92
946,947,92,560,452
1286,92,282,283
1342,82,92,1150
330,1110,92,243
631,92
925,452,619,92
92,829
773,92,1174,411
925,92,1050
423,92,1090,422
92,436
647,92,837,479
92,521
631,92
92,530,508
675,92,937,872,452
925,683,92,963
1219,82,92
82,92
781,92,758,523
621,1054,92,974
92,1193
1227,92
297,92
621,92
621,711,92
560,452,631,92
621,92
560,452,631,92
661,662,92,189,1172
925,92,1178,548
631,92,522,412,452
92,189
560,452,631,92
96,92
315,293,92,504
360,92,1173,479
92,163
92,530,508
560,92
92,829
92,794,318,469,470
92,608,726
92,1183,869,121,1277
298,92,121
838,161,92,330
92,18,19,132,121
1056,283,92,869
92,102
92,582,1093
71,92,22,81,103
92,508,132
970,92
92,72,80
665,92,361
605,92,452
210,92,726,243
71,92
293,92
452,92,102,103
92,376
92,508
1105,92,227
92,900
92,1090
423,1410,92,1090
92,1090
452,92
623,92
1172,92,189
560,600,92,412
946,92,7
293,102,92
92,360,1156,479
82,92,726
92,479
621,560,92
92,104
92,243,391,1055
1064,92
71,92,104
82,92
92,1066
452,92,919
925,1260,92,683
92,529,530,504,508
631,92
92,1105,479,121,102
92,588
452,92,237
631,92
92,102
946,92,115
797,92
621,92
92,850,634
647,645,92,1157
647,92,212
631,92,585,600,711
92,1183,1035,997
1148,92,837,1318
92,103,104
711,92,189,1035
92,121
645,92
522,92,212,1213
1005,92
452,92
82,92
82,92
82,92
1200,82,92,1203
631,92
1121,662,92
1172,92
606,92,1247
1121,82,92,662
631,92,212
683,92,1209,1157
92,532
92,530,126,621,829
1024,92,582,1206
621,92
92,966
946,971,973,92
92,588,919
1410,92,422,423,1090
92,143
92,240
327,92,621,452,798
527,92,544
92,102,407
452,92,726
96,424,1378,1384,910
1010,1011,305,46,315
305,256
305,1346,1415
305,370,316,554
305,226,315,266
305,46,315,226
305,756,315,46
305,306
305,118,315
305,277,24,164
305,223
305,1323
305,926,263,316
91,163,305,315,316
305,490,315,163
305,756,1250,95
305,262,315,163
305,32,115,316,228
305,419,315
862,163,305,436,1424
305,315
305,791,1326,272
305,791,315,532
305,312,315
419,164,305,791,34
305,312,791,315,316
305,306,791,310
305,75,684,315,270
305,903,1409,315
305,272,315
163,305,262,315,316
305,791
305,163,316
419,305,478,98,315
305,226
342,1,305,952,315
305,312,490
532,305,306,315,29
272,163,305,293,317
1284,164,1322,791,1067
791,1282,316,832
903,503,293,791
91,490,791
756,791,315,609
342,163,791,315,316
277,791,279
791,309,920
262,791,315,163
926,791
306,315,348,266
36,16,310,315,316
1048,309,310,1326,316
389,1010,851
389,163,1400
50,361,355
1197,50,1319
1070,1071
975,1070
1070,1071
975,1071,1229
293,315,270
293,920
519,1133,39,293,315
495,293,315
756,293,315,834,324
293,315,425
293,331
1390,293
293,1065
346,405,293,920,1247
1264,293,315
41,293,115,315,627
232,293,1242
293,315,11,1247,230
293,315,163
262,293,163
293,315,316
766,1280,293,1046
341,67,73
341,342,86,1125
341,41,425,52
341,41,43,592,383
341,342,181
341,342
341,1270,1049,408,592
913,342,855,856
342,1208
342,41,865,240,592
342,1049
342,1102
342,149
342,592
342,1331,201
1301,342
342,424,1382,224,362
1270,342
424,342,425
342,86
342,898,1294
41,342
89,342,86
342,1421,1331
808,1270,342,1034
879,342,939
913,1419,342
399,342,425
342,948
873,342
913,424,342,392
342,425
810,342,539,240
311,342
342,944
342,1331
342,712,577,716
383,342,1309,592
424,1347,342
622,628,838,274
815,816,838
841,838
838,161,274,331
327,407,838
841,343,838,839
838,158,13,274
841,839
841,839
161,343,331,407,1351
736,1432,343,612
220,1236,1230
1230,521,1238,163
1230,1097
221,1230
405,220,1236
1155,121,1236,642
1402,1340,418
1058,1340
1346,1003,1044
852,1346,1428
1346,1002,1003
852,434,59,386
852,446,551,552
1408,930,852,1294,872
386,303,318,852,12
1104,123,361
1163,1029,551,552,361
898,361,7
982,1294,543,562,361
359,361
1177,361
897,361,920
361,269
386,361
233,776,691,190,361
481,361,480
361,1026,56
190,1091,361
361,79,247,210,269
122,668,397,247,361
1418,361,391
859,361
359,361
425,656,361,302
190,361
361,359,243
176,720,728,210,361
684,190,594,595,361
190,361,555
359,361
1295,361,555
361,842,316,270
425,163
424,425,578,113
425,1331,201
351,494,425,321
425,7
424,425
425,376,1062
425,373
163,1345,425,315,317
425,1383
1388,425
1253,425,376
1088,425
425,240,163
163,425,333,316
425,240
425,408
425,240
325,197,201,425,415
425,268
351,352,425,492
425,240
905,1413,425,1063
425,1019
425,240
439,425
40,424,111,425
351,494,425
163,425,333,316
424,425,392
40,425,112,240
111,425,899,1287
424,439,425
425,1383
120,425
424,425,240
442,656,425
163,425,401,316
425,112
41,425,383
424,64,425,69
424,8,425,64
425,163,34
424,425,240
425,240
424,425,240
425,240
424,425
425,1168
1338,36
393,36,474
1342,36,369,1272,624
36,1272,1107,399,269
36,1368,173,1381
36,498,632,541
190,1369,36
36,1013,42,1007,1008
36,299,301,255
36,1375,243,391,890
755,36,42,1272,1092
160,36
621,711
621,631
621,561
621,623,625
621,472,662
191,85,253,286
191,1292
191,41,1292
1094,191,1243
682,41,656,1294
123,740,869,658,837
1250,238,1322,448,33
815,328,617
814,94
815,848,847
815,329,617,660
366,329
366,329
366,329,83,331
616,330,464,659,660
175,123,330
816,1266,331
1306,816
725,816,705
725,816,705
1306,816
816,614,616
1265,1266,331
161,157,274,331
35,274,331
612,83,331
825,1334
825,190
825,41,881
38,825,795,671,193
825,579
825,729,731,689
825,190
1161,1251,1334,563,1263
1334,243,244
1334,243,868,1033,359
89,532,1334,898,7
819,486,369,136,1356
277,136
819,136,486
327,1180,407,136,229
327,136,5,304
486,136
717,720,864,776,190
123,1123,776,190,695
190,1116,1115
190,332,239,210
190,1306,1307
190,387,1136
190,776,1414
190,827
387,783,784,190,229
190,387,229
190,1245
190,644,270
332,239,667,190,210
332,1224,190,210,695
190,332,210,695
717,1122,372,691,190
190,172,194,583
190,1180
318,12,778
318,247,772,1294
391,772,318,469,174
318,806
318,704,254,565
318,236,38,438
318,806
1249,38,725,318,1314
318,806,742
257,318,1126,254
318,254
318,247,480
717,318,233,254
318,648
254,704,554,670,318
648,806,669,38
806,744,353,355,713
806,123,38
881,41,806,885
38,549,806,795,579
806,898
704,579,806,1394
806,689,1161,670
790,469,806,772
325,97,319
325,319,1354,1041
325,319,828
325,319,830
325,319,828
319,830,674
828,319
325,319,828
828,319,31,477
325,319
325,473,976,587,319
828,319,31
325,319,828,477
325,477,828,319,31
325,319,828,830
325,319,477
325,267,388
325,460,1331
325,214
325,828,830,477
325,828
325,905
325,828,31
325,587,988
325,587,828,983,988
325,589,828,197
325,388
325,1088,424,8,1036
325,424,853
1330,1331,1084
1330,201
1330,1331
1330,1331,1332,201
1331,1332,1293,201
1331,1421,201
1331,201
905,1331
1331,1332,201
1241,1331,1332,201
1331,545,410
1331,1332,201,410,545
139,1363,382,1216
1363,382,1135,41
1407,933,927,613
613,888
337,652,888,613
614,299,255
741,614
872,741,614,701
741,614
465,659,616,750
805,616
1265,366,617,1266
516,617
632,464,465,659,660
847,848,659
1407,660
299,660
467,468,660
888,660
90,193
671,672,193,47
286,193
671,672,193
671,672
671,178
671,1359
671,86
671,41,881
671,832
671,440,367
671,672,640
671,440,1359
671,672,47
671,672,47
90,738,440,671,672
672,47,440,832
720,243,724,725,729
720,776
1360,1317,123,720,78
239,242,213,174
138,239,1381
239,874,688,209
239,874,688,209
239,667
239,1295
556,859,239
239,667
641,239,1123,269
332,239,210
239,898
239,1295,1039
724,1368
1147,636,724,1092,890
724,478,603
724,140
724,445,982,358,485
724,562
724,778,603
724,877,982,485
724,860
724,140,731,860
724,579,243
724,633,982,765
724,633,982,485
724,173,1368
1249,41,579,727
728,1249,727
1082,1249,868,1033,731
725,1249
1249,731,1252
981,240,268
1158,240
240,1288
1287,240,112
240,987
1415,240
240,1019
1128,240
240,1364
240,795
240,795
51,240,119,1195
240,1023
699,240,79,122
699,240,79,122
699,240,79,122
240,568
1098,240
326,240,440,367
240,79
699,240,243,124
699,240,79
478,240,316,1400,268
676,240,7,677
1235,240,124
240,315,1406
326,57,43,240
135,240,362
240,58,793,1036,135
240,1339
240,383,1095,392
533,240
424,240
240,86,572
240,1074
876,240
375,240,866,189
240,86
699,124,240,79,247
75,27,243,989
601,125,243
358,243,1251
853,86,243
1011,243,391,356,359
243,1389
243,723
243,1251
243,391
290,243
359,391,243,1251
359,243
116,729,885,243
41,243
51,859,359,243
358,359,243,173
359,130,243
530,243,509,1169,359
1251,243,116,353,727
123,243,391
123,243,269
243,692,693
1251,269
602,1092,1251
729,727
481,727,579,664
604,727
481,727,772,880
99,727
532,335,481,480,727
729,1396,270
1321,731,339
731,915
247,1176
369,247,1107,269
756,247,163,317
712,247
247,146,344,1096
210,247,649
75,1426,599
542,1426
75,1426,88
926,420,39,851
926,1409,420,39,931
1045,1131,1188,39
41,43,39
309,597,39
41,562,1011
41,86,863
41,678
41,383
1268,41,171,749,1195
217,41
41,1292
41,1221,706,1218
41,1270
41,74
163,41,393,312,32
41,43,1292,349
703,41,702
41,1188,43,17
41,383,1292
41,349
41,320
41,382,812,25
43,754
703,763,43
135,43
238,43,309,1315
43,86,379,437
1289,43,437,288
1080,1042,43
43,100,379,437
315,163,459
70,163,262,315,266
1286,163
399,163
913,163
1320,163
163,424,315,316
999,419,315,163
315,163
363,1198,335,746,323
1123,684
684,1348,1205,1136,1223
595,684
704,684,641
291,595,684
270,543,842,684
1335,691,254
565,254,554,691
1317,335
363,303,335
279,715,690,335
615,303,335
363,386,335
254,908,335,858
1029,551,1078,335
335,480,532
363,335
303,59,335
566,1258,453,335
42,1007
1013,42,1008,1228
1013,42,1228,1113,1007
1325,1007
1134,1007,1008
47,4
53,47
770,775,47,670,86
573,574,568
808,810,568
574,568,571,114
568,571
460,708,201
415,201
460,708,1310,201
703,267,388,558
267,388,558
337,888
1429,1104
1104,667,823
1104,667,449
257,59,654
257,254
257,746,386
257,1163
1267,749,939,383,1195
1267,749,939,383,1195
383,749
262,360,315
360,1286,262,315
360,1286,262,315
262,48
756,315,46
756,315,20
756,837,535,317
843,266
266,37,920
46,315,266
1,272,183,314,268
898,268,1016,1350
1088,110,268,195
268,315,316
490,272
374,272,554
1380,848,312,315,524
312,991,1079
312,229,207
1401,414,1370,312
1121,508,312,132,606
651,655,419,312
74,164,315,316,1244
419,457,315
315,48
495,315,164
419,844,168,315,945
495,315,164
374,897,315,920
315,317
843,315
1345,315
903,419,315
999,419,315
315,34
315,277,1291,952
46,315
419,315
75,315,428
324,315,98,1326
98,1323,315,316,324
419,315
1345,419,1392,315
315,939
826,867,316
596,1357,316,1231
903,369,316
316,112,269
1233,1057,1160,650,316
1083,1079,317
913,811
173,1368,56,1143
1369,1112
1369,1316
1369,667
51,1297,391
51,1297,391
51,1297,391
51,1297,391
138,859,391,358,359
890,633,982,485
890,550,541
890,860
395,173
395,1066
903,897
921,903,924,920
259,374,903,118,920
903,370,396,920
518,836
859,864,583
557,583,864,491
59,641
782,783,641
75,542,641
641,529,508
751,483,596,173
1276,173
584,653,626,629,630
653,656
494,656
494,656
494,656
1114,178,367,832
939,702
769,702,180,448,33
763,690,702
702,703,763,448,690
702,763,447,873,500
763,506,702
703,135,702
536,763,309,702
703,326,440,763
703,135
703,135,57
105,106,235,289,155
235,215,1292,289
105,106,235,1305,1352
105,235
1352,289
199,289,1186
105,1034,289
105,199,289,1186
1179,289
106,289
105,106,1352,289
106,1292
291,172,125,244
1295,1220,475
1295,776
1296,59,284
1296,1273,284
1296,1205,1136,1300
1296,284
303,59,1273,1296,453
776,1371
779,777
881,138,948,1294
424,1370,1377
1370,1032,1386
198,1119,1189,64,907
66,64,1038,69
357,1,427,164
1233,1057,1160,1146
1321,490,1146
694,697,786
697,698,785
697,698,893,398,252
697,698,786,737
697,737
698,737
128,1404
562,948,579,1294
210,705,709
210,56,1143
210,1059,159
210,1297
210,704,845
210,704,269
210,159
210,1123
210,704,1294
210,562
210,159
210,269
210,56,1143
460,415,934
23,934,415
1088,415
1402,49
1402,418
108,418
108,418
225,469
469,470
75,986,27,989
877,986,339
75,1391,1279
75,1082,599,1350
75,88
75,874,1350
75,599
75,542
75,1395
606,608,1247
1121,606,608,132
1121,606,608
960,961,1304,11,132
132,313,1304,960
71,1308,132
71,1308,132
456,1121,129,297,854
405,1121,431
608,1247
1100,1101
363,303,1101,386
1425,1101,275,59,1423
1117,1412,1034
1117,1034
972,1118,973,1159,964
971,1118,973,972,1162
1232,461,229,515
386,842,792,715
359,1032
400,359
138,860,359
363,377,59
363,59
363,1405,386
363,12,551,416
363,145,184,12,416
363,303,386
363,258,386
363,59
369,1281
369,94
1387,543,898,1385
755,543,803
543,898,1385
140,307,6,1257,1259
0,140,6,429
347,140,344,6
140,6
0,140,6,429
140,6
0,140,3,6,429
124,269,79,408
478,269
420,654,270
526,577,488
245,246,241,87
241,167,245,169,87
245,241,87
107,108,87
667,704
667,327
668,915,778
746,1255
746,552,734,551
734,170,799,598
1259,1257,307,346
258,1258,799,747
1126,254
254,434,170,271
1403,254
1259,307,254,1311
615,254,858
254,59,743,450
565,254
326,254,309,1243,1080
745,451,453
1259,1094,386
1259,937,386
1259,323
1259,323,554
258,416,10,184
386,746,552,551
746,552,551
552,551,747,908
307,345
382,17,1188
382,17,1188
872,876,879,386
872,701
872,225,701,224
386,704
386,1094,323
386,552
386,551
1416,879,392
529,862,530,531,508
508,679,531
862,529,530,508
529,530,531,508,540
679,624,436,508
508,504
360,862,508,1424
624,679,508
508,530,504
529,862,530,531,508
105,106,1179
106,276,25,984
371,49
1000,1001,37
1000,37
37,492,1001,86,437
968,37,969
37,1061,537,538,63
281,380
281,283,380
281,1275
1275,985,283
1275,283
1056,1275,985,283
1028,283
147,20
900,452,412,560,797
560,662
560,412
569,564
26,21,569
818,820,821,817
818,820,831,817
820,714,817
818,820,714,817
818,820,817
818,820,817
818,820,831
1381,894,1386,901
859,894,604,172,646
138,894,541
138,894,498
859,894,901,172,646
761,771,340
1094,59
906,59
12,59
60,59
311,59
299,496
299,496,788
440,367,1359
1359,440,721,832
234,721,722,832,1359
1359,234,721,832
440,141,832
1120,440,1152
414,701,195
1234,227
225,251,222
227,224
1017,224
1355,1025,224
1159,260,939,225,227
109,30,227,114
796,227,571
109,30,227,114
505,21
505,21,1149,935,501
21,68
1149,935,938,21
21,1073,938
505,21,77,935,938
505,21,752
21,433
505,21,77,1149,935
26,1254
26,1254
277,1150
277,279
277,279,417
1291,279,448,690
1164,1165
1165,398
233,372
326,1313
597,1313,591
590,1313,597
356,326,250,1314
309,704,308,33
326,309
403,364,309
309,238
309,326,443,180
309,845
481,364
364,365,863
374,867
826,867
1390,1046,1204,1215,696
1040,1046
675,1046
639,93,1335,654
926,420,654,851
928,421,932,424,392
424,421
424,71,298
424,392
424,392
424,1047,139,871
424,1020,1021
424,1367
311,86,119,437
735,612,1432
735,300
735,736,741,739
736,575,576
736,1432,300,612
739,354
755,454,896,741,296
741,622,576
612,741,622
332,741
917,741,914
741,914
46,848
874,56,1420,1076
1032,56
56,1012,898,1420,874
551,170,1405
1004,551,552
1220,555
273,1272,996,1032,1358
1361,273,996
408,1032,273,1272
273,1272,408,1032,832
1187,1183
1187,548,1183
1187,1183
71,1183
1183,1157,484
1187,1183
158,274,13
274,13
274,13
1387,898,1385
874,1060,1420,898
898,874,1060,1012
898,982,485
1420,898,562
898,1294
120,435,1019
1109,1106,1099,1107
483,596,1231
1081,280,261,188,413
1132,264
280,185,264,188,322
1132,1069,148,264,188
188,185,264
264,188
311,787,86
311,1237
387,112
1098,112
112,1180
1245,704
1245,704
704,378,1294
577,1433
181,1433,812
975,1229
732,86
86,6
1374,55,86
787,86
1297,86
86,592
787,420,86,131
1103,86
51,86
1344,86
89,1009,45
89,45,119
89,1349,67,1085
581,700,340
700,294
592,521,1157
604,562
604,1343
604,181
609,1143
1078,1163
1078,1163
566,453,598
351,376
353,355
859,353
1350,88
926,385
926,420
926,420,457,851
926,420
1409,1297,1299
360,436,862,1424
360,402
230,1418,923,645
1429,1057,346
381,873,1057
1233,1057,1160,1185
1124,1243
615,857
1260,102
326,101,177,182
195,80
195,196
195,1068,939
873,793
1140,122
874,713,794,772
146,344,6
165,6
554,323,6
135,607,6
135,607,6
135,607,6
1329,1128,6
1082,1032,1033,597
868,1033,597
1333,1034,1269
1034,1412,1262
1412,1034
1412,1034
1333,1034,1262
676,219
292,770,390,774,775
90,774,442,845
1329,344,146,1018,1128
643,7
7,984
71,1151,7
1095,7
577,716
577,943
990,1335,323
1159,973,1162
1159,1162
971,1159,972,1162
1212,1206,710
461,719,618
461,884
461,884
461,249,719
461,719,618
461,462,463,748,733
461,748,733,463
593,461,719,618
461,618
461,462,719,618
461,462,463
542,1419,88
71,767
71,298,1151
1390,71,631,297,298
1235,1256
895,300,384,576
33,182,179,180
1390,494
494,768,1278,1283
494,1278,610
1138,580,494
1064,298
607,793
135,2
135,57,58
135,929,871
1291,448
640,1250
690,1250
690,1250,1184
1250,690,954
767,657,230
405,103,1127,230
1247,230
645,212,230
992,995,28,1247,230
993,230,1247,992
1247,230
1247,230
121,230
409,433
90,433,200,681
1366,433,1422
895,628,902,576
859,916,918,172,646
556,859,557
859,557,864
859,557,864
471,15,17,871
578,929
1154,832
721,832
141,1027,1120,1152,832
1120,832
511,507,1027,832
511,1027,832
722,1152,832
141,722,218,832,133
1015,1016
1333,1196,1262
1380,407
848,1380
922,298,121
922,121
1098,1086,1248
1141,213
81,103
481,565,870,567
481,532
481,532
298,162
405,298,909
874,709
833,874,202
930,845
1316,1197,497
456,854,129,780
8,487
57,58
216,586,57,350,1226
520,680
1027,722
204,205,206
1130,205
1358,526,368
645,1178,1376,666
645,548,1376,666
645,696
950,645
949,645,548
548,1376,1318,666,645
645,548,813
548,1178,1376,666,645
1397,1157
683,1209,1157,1035
925,1052,1157
683,1209,1157,1035
1271,1209,1142,1035,1157
647,102,1157
647,970,1142
647,521,535,28,970
647,521,1035
529,504
826,436
974,1247
635,1242
1170,1145,1167
1166,1170,1145,1167
134,49
1137,1240
1137,1139,1140
687,944
493,829
62,99,1207
644,887
1298,620
1298,1238
1298,764,1151
877,1245
877,387
304,1353
878,185
185,722,534
413,1069,188
1069,153,188
413,153,188
1120,218,722,188,1152
441,567,532
1201,1202,1204,1207,1194
990,165,1337
1006,1337
1290,1337
1144,1337
1290,1075,1337
833,836
394,1393
889,394
17,578
165,323
904,559
730,904
444,514,904,559
454,896
905,63
1367,980
809,555
722,1153
953,1111,722
1120,722,218
133,1302,722
366,1357
152,322,154
819,486
513,55,1374
962,958,959
14,13
252,398,800
172,673,194
1158,912
690,1129
1030,350,690,1225,1129
911,408
885,408
1086,408
467,468
925,966
971,973,966
1372,248
849,845
390,845
452,619
452,789
452,637
452,102,103
452,631,588,919
946,452,802,801
452,1066,102
482,805
1365,578
726,242
627,678
842,1303
975,1081
276,137,984
276,127
276,137
276,166,127
521,1376,1285,1379,1246
510,1025,1095
925,1246
925,1379,1376,892
1411,426
231,76,426,935,938
1063,1025,1388,546
510,629,891
1030,177,179
1108,548,666
177,180
177,216,182
1225,180
525,1051,182,350
547,455
1248,1413,295,1382,1312
65,1312
142,392
978,979
1043,76,77,1047,1053
76,77,1336,935,1037
516,517
516,517
54,432
54,144,1066
905,1413
709,910
90,559
1305,90,1222
946,801,212
951,620
1171,767,663
1171,767,663
211,430
943,383
1341,1324
585,642
1373,53
53,1422
444,53,886,883
941,53,942
53,942
502,53,200
1192,1210
1192,1210
192,203,44,80
187,186,404
186,404
186,187
156,1068
1217,1214
611,1214
990,165
30,458,965
30,320
638,294
151,19
640,707
287,350
1302,953
245,241
245,167
1128,146
84,760
1222,939
828,197
528,678,466
678,634
678,466
1105,102,764,431
936,476
232,285,1242
192,80
570,837
828,489
828,580
338,1068
1170,1166
1417,1166,1167
1170,1167
1170,1167
840,1416,910
423,422
793,824
623,875
623,861
150,846
1045,1135
643,1014
553,759
117,1285
661,662,406
661,662,406,762
662,835
662,406,974
886,882
1108,666
1181,970,998,997
1181,970,998,997
1318,1399
1398,1318
685,686
1274,1142,1175
1271,1175
1430,1431
1430,955
1430,1431
513,1268
513,1267
499,265,752
499,935,938
1089,278,265
1149,1182,1336,1239
1149,935
1149,935
1149,935,1336
1149,1182,1087
1077,1149,1182
1199,1211
935,1261
935,1336
935,938,1336
935,1261
956,1190,1191,68
278,265
265,1239
1031,61
472,974
336,334
336,822
336,822
1074,1072
208,1267,1268,1195
753,1267,1268
1362,718,1309
967,977
512,846
320,1427
320,1328
957,320,1328
957,9,1328
907,198,1189,1119
198,1189
804,807
1020,1021,1022
1020,1021,1022
