199,307
992,1462,1653
689,691
494,927,1060,1090
454,629
469,527,1019,1188
44,120,215,280,463,762,816,897,1316,1599,2177,2188,2252,2257,2274
1382,2045
615,893,1455,1638
52,233,292,428,497,635,681,996,1738,1822,2117,2134,2175,2263
232,2125,2145,2229
16,364,495,1546,2047,2196,2376
421,465,1598,2001
772,885,1381,1448
35,96,146,422,670,702,985,1218,1371,1372,1457,1653,1801,1802
44,615,893,1345
1344,1510
44,2188,2252
121,1038,1716
595,1219,2144
1159,1796
410,1567,1640,2097,2361
309,707,1257
72,213,570
449,1990,2151,2265,2273
605,1062,1363,1715,1805
1654,2336
252,962,1506,1674,1686,1739,1828,1869,1930,1937,1981,1983,2091
1521,1697
814,828,913,1097,1122
342,615,893,1042
45,110,1030,1056,1427,1514,2026,2050
46,745,1566
1537,1584
817,1622,2118
692,696,2252
169,573
195,347,723,725,924,928,1123,1124,1152,1353,1700,2024
787,1874,2028
655,1649,1650,1651,1667
877,1519
73,316
100,930
873,1887
779,1126
268,395,1284,1495
2003,2004
755,1172
135,1906
1076,2239
26,247,420
143,383,483
1559,1580,1664,1811
530,1056
2247,2299
174,310,829,936,1240,1328,1412,1640,1772,1881,2038,2089,2132,2198,2199,2200,2205,2264
706,852,1024
827,1401
94,691,759,1589,2078
234,630
137,1006
211,430,1513
94,496
698,699
24,299,626
1475,1476,2080
2123,2124,2207
313,314,1848,2267
815,1295
527,587
1214,2113
237,238,403,640,1403,1706,1747,1754,1851,2244
1874,2028
1648,1743
59,1228,2143
1095,1298
33,908,1458,2072
255,333
758,923,1232,1233,1520,1593,1683,1692,1949,2113,2383
601,1015,1494
88,212,224,241,295,341,359,400,540,557,684,1158,1160,1335,1349,1531,1659,1814,1829,1879,1894,1895,1900,1901,2011,2141,2174,2223,2224,2256
291,312
1879,1894,1900,1901,2223
54,147,209,246,251,507,535,548,757,868,949,983,1019,1119,1182,1341,1342,1343,1362,1398,2020,2085,2242,2253
43,564,652,875,1000,1085,1086,2325
261,517,518,1047,1265,1421
404,677,1777
678,1118,1459,1506,1686,1828,1869,1937,1981,1983,1991,1998,2333
726,727,1064,1074,1497,1976
1023,1164,1165,1166,1486,1554
874,1112
598,1241,1246,1356
45,2050
941,943
2126,2269
1035,1915
389,670,898,1768,1802,1837,2043
887,1151,1727,1849,2187,2314
437,471,616
472,596,1571,1631,2138
138,743,915,1261,1346,1677,1910,2186
669,1413,1414
552,659,2115
758,1976
116,200,572,968,1116,1417,2009,2010
739,1681,1977,2194,2285
280,1662,1880,2170,2171,2309
1506,1735
843,844,845,990,999,1069,1096,1147,1294,1467,2383
127,240,544,933,948,1028,1456,1559,1580,1663,1698,1811,1836,1844,2019
808,1106,1511
382,604,911,1979,2160,2290
1713,2233
231,538,1972,1985,2382
880,1149,1210
839,950,1107,1139
467,982,1063,1439
532,534,761,1310,1696,2090
743,915,1261
1528,1985,2382
906,1516
1958,2054
1431,2014
718,776,980,1055,1234,1934,2108,2116,2157
328,366,1336
74,203,239,417,472,574,597,744,796,1207,1571,1631,1725
182,1659
277,409,1708,2254
1543,2245,2379,2380,2381
975,2034
838,2256
1673,1893,1967
303,641,1033,1400,1617
455,1025
790,925,1184
151,328,666,1647,1892,2154,2155
1156,1556,1644,2146,2310
732,1005
249,2071
248,274,442
440,479,480,498,537,748,881,904,1790,1971,2074
1604,1767,1771
34,499
1675,2126
370,737,1091,1171
191,1058
1423,1451
984,1187,1468
433,1550
185,778
572,2308
1933,2329
615,1561,1562
239,748,1283
204,1864,2180,2340
156,425
118,356,785,1501,1504,1545,1733,1737,1745,2210
1715,2383
541,1774,2137,2349
1845,1846,1917
125,872,1076,1077,1520,1975
804,876,952,1278,1323,1408,1812,2289,2355
712,989,1155
236,321,1105
1753,1756,2215
625,1722,1796,1847,2383
1725,2162
822,1087,1678
1855,1888
773,1287
7,330,374,2077
750,805
1365,1939,2372
494,927,1060
8,170,498,537,748,900,1216,1388,1610,1764,1915
1785,2313
329,1021,1311,2237,2308
674,1606,1607,1611,2371,2385
1017,2261
1529,2332
38,255,333,394,500,529,558,708,711,760,813,920,925,1052,1138,1267,1499,1598,1693,1778,2148,2203,2270,2363
382,1979
1718,1839
1075,1415,1438,1629
448,2012,2019
282,1659,1894
68,1502
838,960,1168
17,22,230,289,643,686
1857,1942
682,1004,1157,1334,2095,2265
454,629
1689,1850,1860,2365
326,543
1773,2238
1113,1268,1405
260,1876,2211
225,503,610
896,954
455,1025
1555,1557,1568,1572,1573,1574,1878,1911,1914,2243
448,556
461,685
1068,1433
888,1014
525,1255
1051,1084
1541,1615,2056
474,956
2182,2227,2373
1619,1620,1688
1718,1839
454,629
257,1984,2240
235,981,1584
1010,1163,1658,1660
1150,1334
1535,2374
1345,1680,1804,1824,2045
742,1006
846,1026
306,741
46,1566
459,623
1232,1683
418,560,561,618,1361,1378
655,1505
1719,1757
1673,1893,1967,2088,2348
1384,1672,1770,2362
257,827
414,584,1792,1992
2058,2081,2149,2271
1023,1164
244,513,516,617,1003,1320,1576
37,139,160,161,355,1511
1642,1752
1643,1682
1229,1230
271,462,705,1480
1761,1775
454,475,530,629,2174,2249
59,422,1218,1727,2051
449,1990,2151,2273
973,1227
33,236,321,465,603,908,993,1002,1105,1367,1522,1899,1924,2016
704,1396,2121
1328,2094
800,843
462,705
324,2345
965,2174
564,875,2325
495,2064
293,294
15,394
567,662
1190,1322
325,418,891,1016,1361,1378,2062
454,629
1066,1183
1625,1626,1797,1819,2183
698,699
919,1027,1142,1146,1304,1310
2123,2124,2207
1958,2054
190,586,930
273,327,380,413,509,1073,1082,1100,1345,1397,1705,1804,1832,2053
1066,1183
1034,1081,1420
1645,2325
101,121,849,1038,1195,1613,1716,2103
248,272,300,442,586,1088
200,968,1417
129,1211,1212
12,222
887,1151
482,850,1221,2228
327,557,1236,1826,2306
453,946,947,2029,2281
1293,1299
654,1782,1866,2328,2347
1300,1677,1910,2234
80,1625,1626,1731,1819,1858,2017,2183
934,1393,2059
506,1763,2152
544,933,1698
34,347,550,777,1199,1554,1865,2266
2036,2256
375,2040,2042
222,661
274,357,441
819,1326
842,1330
227,1225
729,799
48,145,214,266,508,693,1128,1277,1395
857,1493,1601
318,1048
176,1993
86,109,797,806
1833,2102
201,929
682,1008,1009
140,259,632,834,1120,1364,1460,1487
166,590
1489,2221,2344
1034,1420
342,951,1351,1384,1440,1672,1770,2362
77,327,629,1337,1804,2280
1385,1623,2107,2260
694,1109,1950,2115
1990,2273
1586,1816
54,246,1119,2020,2253
1336,1563,2350
362,697,937,1478
975,1201
669,1158
653,654,1821,2032,2347
75,239,1380
5,143,378,383,450,483,811,991,994,1145,1260,1262,1263,1276,1804
2226,2337
925,1109
192,539
146,389,447,1371,1837
811,1630
60,62,90,91,214,225,298,411,431,444,488,578,611,648,693,788,1127,1128,1221,1277,1364,1395,1425,1525,1549,1614,2055
1053,2006
79,1098
779,959,1454,2365
1893,1967
243,396
47,59,219,389,392,447,493,537,620,771,833,1026,1134,1297,1837,1838,1971,2074,2368
932,1445
389,415,702,771,931,985,1371,1685,1768,1837,2043,2339
435,515
98,2100
1158,2256
1657,1782,1864,1866,1867,2035,2180
327,1804
1029,1804
1050,1890,2031
345,427,1978
1284,1495
772,883,885,886,1036,1161,1374,1381,1389,1409,1448,1473,1512
1920,1921,2079
679,847,1125,1394
81,377
716,945
944,1217
752,2063
1355,1403,2230
832,851
1639,2076
797,806
2174,2373
379,971,1532
456,1241
1103,1635
1798,1947
919,927,1027,1304,1344,1510
467,469,527,916,982,997,1063,1178,1179,1242,1439,1536,2386
1093,1094
1109,2039
432,2342
445,827,1136,1455,2003
182,458,1820
919,1027,1304
106,630,1959,2052,2301,2365
31,64,76,414,584,675,766,1203,1354,1598,1792,1956,1992,2101
704,1396
1219,1376,1399
624,762,1316,1644
773,896,954
3,181,424,644,659,1042,1275,1479,1726,1931,2195,2353,2383
149,387,429,434,436,580,1385,1590,1595,1619,1620,1623,1661,1688,1781,1803,1929,2067,2104,2107,2235,2260,2377,2378
542,1387
1007,1398,1446
2123,2124
55,2220
165,242,452
919,1142,1146,1310
839,950,1926,2331
1057,1350
1180,1578,1666,1670,1748,1749,1836,2019
253,352,2251
161,1511,1841
153,631,1638,1865,2123,2124
43,564,652
941,943
1876,2211
347,1710,1717,2066
1886,2033,2315
994,1260,1262,1263
703,2168
739,882,1301,1681,1977,2135,2139,2194,2285
188,270,369,501,910,1129,1345,1903,2164
2096,2163
2,48,50,148,259,266,278,319,402,408,476,478,486,488,632,648,683,770,893,1054,1205,1352,1525,1614,1854,1912
1042,1442,2000
147,209
14,21,34,77,178,232,499,550,602,777,1337,1562,1831,2125,2222,2229,2280,2367
449,1947,1994
240,1663
790,1092,1184,1527,1923
906,1516
784,1255
1843,2312
1853,2330
139,2383
92,96,146,389,536,655,833,846,893,2031
872,1077,1306,2005
56,1769
83,229,286,638,639,668,824,890,892,971,995,1001,1167,1220,1281,1282,1325,1498,1515,1524,1735
2123,2124
1823,2300
26,196,247,420,1007,1398,1446
130,338,854
139,2386
1710,1717
263,368,522
763,783,1490
278,649,1054,1817,1884,1951
1240,2132
1822,2263
119,1447,1585,1909,1946,1964,1973,1974,1993,2075
87,103,108,523,1679
703,1489,2344
358,370,556,589,676,983,1032,1101,1110,1148,1367,1945,2283
323,391,454,629
1488,1583
128,507,548,727,1064,1497,2242
598,1051,1084,1241,1246,1356,1492
151,666,1873
2319,2320
337,531,1123,1700
716,945
494,769
2189,2269
281,283
301,2003,2004
722,1907,1935
250,970,1020,1386,1787,1885,1891,2262
418,1361,1523
480,2069
1199,2087
1639,2076
139,2383
827,1132,1401,1999
223,820,1049,1104,1435,2053,2279
315,514
983,1868
957,958,1449,1813,1827,1957
754,835,872,1076,1077,1078,1306,1482,1520,1704,1728,1941,2291
722,731,841,976
767,872,1042,1072,1442,1482,1520,2048,2239,2358
1535,2374
362,697,907,937,998,1065,1271,1478,1933,2329
1922,1988
582,583
202,262
35,415,670,985,1806
2040,2042
1782,2328
751,1218,1303
326,543
8,1252,1662,1880
86,109,159,512,613,732,797,806,841,1005,2098,2099,2319,2320
273,1236
309,707,1257
1157,1596,2051,2095,2265,2276
1563,2350
1224,1416
1012,1426,1517,1862
75,426,694,795,855,1040,1046,1109,1223,2019,2039,2129
181,563,1275
831,1226
729,799
43,564,652
1845,1846,1917
839,950,1527,1720,1926
1158,1456
271,1206,1290,1441
200,968,1417
791,1358,1359
140,1120
553,791,1671
710,1256,1466
325,418,419,560,561,565,618,624,891,1016,1361,1378,1404,1612,2062,2092,2214,2258
78,107
249,1418,1833,1880,1915,2071,2102
255,333
961,2361
1590,1595,1661,1781,1803
2259,2288
2123,2124,2207
886,939,1477
130,2383
134,621
669,1475,2028
2106,2352
137,830
440,1191
41,264,275,753,781,861,877,893,972,1012,1140,1339,1426,1519,1563,2013,2027,2083,2298,2350
831,1226,1360,2202,2296
166,208,297,311,327,354,409,547,557,590,612,728,926,1143,1192,1236,1244,1250,1273,1345,1367,1453,1638,1708,1804,2027,2119,2254
20,1547,1548,1553,1699
297,557
1475,1476
827,847,1125
1826,2306
74,671,2246
513,1320
3,39,424,644,2195
559,1177
7,330,1108,1465,1740,1863,2174
682,1004,1008,1009,1157,1429,1596,1791,2023,2051,2265,2276,2287
765,2282
1875,2014
878,1193
1843,2312
821,853,1011,1485,1989,2356
782,1746
2293,2322
1753,1756
1039,1331,1524
1236,1788
407,568
454,629
832,851
268,395,696,779,899,959,1191,1193,1196,1197,1454,1780,2071,2341
94,496
413,454,629
1673,1825,1893,1967,2348
1209,1259,1411
638,978,1102,1404,1830
700,1428
809,810,1079,1239
269,320,528,585,655,910,1150,1199,1202,1334,1505,1965,2086,2087,2123,2124,2156,2207,2213
600,1114
571,1471,1947
39,574
1185,2375
970,1020,1386,1787,1885
1042,1442
97,118,254,356,404,742,785,794,1732,1733,1777,1948,2131,2210
950,2327
1691,2212
235,803,1357
1659,1894
562,1200
2105,2136
1883,1925
1677,1910,2234
122,398
282,1777,2159
865,1221,1313
60,347,2266
52,237,238,363,403,481,640,825,826,1593,1695,1747,1851,1966,2165,2166,2244
123,154
9,162,165,242,308,349,360,384,443,452,549,1286,1312,1944,1952
327,1345
215,756,1296,1800,1807,1808,1809
608,2052,2301
878,967,1193,1880
416,502
261,518,1047,1265,1421
189,625,667,746,1722,1805,2383
790,1184
405,899,959,1197,1272,1780
203,472,1207,1564,1571,2353
201,929
1070,1155
1228,1963
454,629
454,629
532,2090
220,1741,2110,2202,2209
1881,2200
2161,2206
18,99,1779,2357
869,871
728,1083
1958,2054
189,667,746,2383
84,2364,2369
250,1891
729,799
1862,2002,2139
25,346,397,2003,2004
1639,2076
256,316,319,402,406,476,893,2022
83,288,399,792,859,1282,1325,1498
789,1370
1533,1898
1524,1535,2374
311,547,612,926,1035,1143,1192,1250,1367,1453
157,390,466,468,1059,1461
1567,1640
454,629,823,974,1209
384,549
920,921
10,70,98,131,282,388,446,628,830,875,1085,1581,1676,2325
581,593,1249
134,621
940,1174,1834,1959,2278
1409,1473,1507,1512
296,1606,1607,1611,2371,2385
525,1340
1880,2170
723,924,1124
11,416,502
665,2191
152,228,265,279,351,378,554,577,634,724,956,1037,1044,1258,1293,1299,1345,1443,1517,1938,2027,2105,2133,2136
1640,2205
85,664,1608,1765,2049,2277
950,1815,2294,2331
828,1122,1264
417,438,744,2044,2335,2346
763,783,2178
29,734,846,1026,1491
1594,2167
975,1153,1201,1486,1554
454,629
332,1636,1896,1994,2292
269,528,585,2213
327,557,629,1042,1236,1248,1345,1804
733,789,807,953,1043,1370,1605,1968,1969,1970,2169,2173
627,735,907,1067,1137,1245,1327,1338,1464,1755
113,1799
82,669,690,750,755,805,889,1172,1413,1414,1419,1508,1509,2272
398,569
1185,1466,1539
1718,1839
798,807,2015,2021
1553,1699
1881,2200
697,1065
724,1443,2133
454,629
141,167,168,186,371
2259,2288
479,498,537,2074,2176
1158,1335,1659,2256
1083,1244,1273,1436,1453
791,862,918,1173,1358,1359,1375,1472
454,629,823,1208,1209,1259,1411,2033,2315
1691,2212
617,1576,1856,1932,1960
226,633
370,1111,1171
1542,2122
179,370,894,922,1111,1163,1169,1170,1171,1373,1608,1913,1928,2057,2058,2081,2149,2208,2271
1758,2036,2060
603,2324
260,1603,1953
324,2345
454,629
1791,2023
6,855
89,191,521,592,1175,2338
144,637,2250
1920,1921,2079
713,792,800,843,844,978,990,1096,1147,1251,1294,1467,2383
1163,2081
955,1452
174,1240,2132,2199
868,2044
2069,2071
2270,2363
169,573
863,2147,2241,2359
1402,1563,2350
462,705
526,1390,1392,1544
165,242,452
531,1305
795,1223
1430,1552,2046,2295
187,305,599,672,2070
1036,1512
59,219,361,389,447,473,493,498,537,620,676,771,898,1042,1196,1297,1768,1838,2043,2074,2341
19,32,61,87,103,105,108,126,150,163,173,175,385,433,485,487,523,651,680,860,1093,1094,1186,1550,1551,1588,1679,1980,2111,2120,2122
717,775
2064,2123,2124
455,1025,1270
748,1034,1081,1420,2177
31,60,225,444,693,768,988,1127,1364,1549,1587,1956,2055
320,511
984,1187,1468,1474
887,1151
2105,2136
206,878,879,1042,1902,2065
4,90,91,431,432,488,648,788,1525,1614
840,884
113,199,307,957,958,1449,1455,1813,1827,1957,2217,2232,2302
132,1021,1422,1943,2237,2308
172,302,406,438,608,679,1133,1244,1322,1394,1538,1637,1959,2052,2297,2301,2302
1543,2007,2193,2379,2380,2381
180,1092,1288,1289,1503,1518,1842,2068
83,229,638,639,790,890,932,971,978,990,995,1092,1102,1167,1184,1404,1445,1524,1735,1830,1923
52,241,295,635,825,1695,2165,2175
130,338
267,1897
22,289,686
1189,1249
1984,2240
5,1621
1484,1561
456,1241,1246,1247,1424
1954,2318
68,566
883,1036
1449,2217,2232
134,621
263,368,522
236,321,465,603,993,1002,1105,1367,1522,1899,1924
2222,2367
855,2129
1229,1230
911,2290
1409,1473
117,557,1236,1345
129,1211,1212,1224
85,412,454,629,664,1765,1817
1691,2212
839,950,1131
447,931,1156,1457,1653
139,1609,1964
715,717,775,942,1332
793,1784
1647,1892,2154,2155
1521,1697
753,1488,1582,1583,2008
81,334,377,1524,2273
1,1507
95,655,1649,1650,1651,1652,1667
457,1598,2349
76,221,408,414,584,708,1203,1352,2178
410,2330
1845,1846,1917,2036
135,1751,2130,2174
627,1338,1464,1986,2219
1185,1369,1466,1539
65,104,477
669,2272
347,1455,1554,1865,2266
28,1536
895,963,1410
7,330
192,539
911,989,2290
1624,2036
1766,2094
941,943,1121
141,167,168,186,371,645
1082,1397,1940
2041,2236
736,935,1579,1591,1597
831,1360,2202,2296
717,775,942
1822,1966,2263
749,947
781,861,1140,1339,1519
454,629
1488,1583,2008
331,449,1990,2273
837,1646
923,1232,1683,1692,1712,2113
1577,1936
100,194,1463,1818
1106,1511
2003,2004
134,372,621
1575,2384
1624,1750
689,691,1324
1174,1569
1883,1925
730,1475
340,1701,1711,1715,1840,1955,2172,2179
454,629
1624,2036
1729,2311
58,2220
166,590
193,376,903,964,972,2011
2123,2124
183,1810
476,542,893
327,629,1236,1804
793,1330,1783,1784
821,853,1927,1989
38,110,711,760,1138,1154,1176,1267,1514,1561
327,1236
216,1486,1554
276,2375
1904,1995,2016
864,2185,2305,2307
274,357,441
418,419,560,561,565,618,624,1361,1378,1612,2062,2092,2214,2255,2258
1954,2318
1469,2216
109,722,731,732,797,806,976,1005,2098,2099
1218,2051
1018,1022
1431,1470
682,1008,1009,1157
538,903,2011
386,1804
1883,1925
691,1324
485,651
1761,1775,1887,1948,1961
555,673,866,1377,1506,1908,2370
1835,1877
1590,1595,1929,2377,2378
1785,2313
1099,1291,1483,1600,1632,1633,1721,1759,2360
923,1232,1683,1692,2113
504,719,720,721,1061
744,2346
1031,1041
454,629
1982,2201
864,1804,2185,2307
34,406,438,524,550,777,1199,1244,1322,1598,1959
1229,1230
51,204,1657,1864,1867,2025,2035,2180,2340
1602,2321
567,1080,1156
1753,1756,2215
67,1793
3,53,211,424,435,588,644,659,660,1513,1730,2343
655,1651
1232,1683
191,1058
187,205,290,599,672,2070
327,1345
1175,1236,1558
801,1141
1430,1552,2046,2295
603,655,893
1643,1682
585,1319,1965
66,133,155,184,285,339,451,484,579,647,650,977,1684,1742,1773,1776,2127,2231,2238
1758,2036,2060
357,441
2093,2354
254,742,1181
825,1089,2265,2276
1984,2240
142,1080
219,361,676,771,881,1110,1266,1500,1685,1768,1786,1790,2043
1852,1861
793,1783,1905
677,2245
498,2074
2153,2225
463,816,897,1071,1366,1407,1806,2257
199,1449
740,1274
647,1776,2073
458,836,934,1050,1222,1393,2059
92,589,1889
33,993,1481
406,438,657,1244,1322,1959
12,222
372,522
520,1845,1846,2036,2128
533,1329
19,32,487,860,1551,2150
509,1073,1100,1608,1705
1870,2334
1028,2228
136,1534
1962,2142
635,2117
597,1631
818,1907,1935
1794,2248
142,393,1859,2114,2275
2380,2381
655,1649,1650,1651,1667
411,557,655,1505,2014
93,701,780,822,1087,1444,1678,1736,2192,2197
201,929
1794,2248
168,263
166,590
111,230
1577,1936
1634,1997
801,893,1141,1707,1804,1832,2174
12,222,367,661
358,370,556,653,654,966,1032,1103,1236,1367,1635,1867,2032,2035
231,538
470,2018
430,856,1804
1004,1596,2051
284,850
191,1058
1904,2016
112,1327
165,242,452
131,304,786,873
1678,1736,2192,2197
545,546,576,609,614,738,812,1347,1379,1724,2061
1654,2336
692,696,899
2293,2322
763,783
1734,1915
698,699,2339
24,299,902,954,2159
1726,1931,2383
881,1215,1535,1790,1857,1942,2374
1788,2326
12,63,162,222,308,661
555,1908
471,1115,1380,2387
1466,2140
76,766,1130,1203,1354,1694,1742,2112
1741,2202
575,1383
475,2174,2249
291,312,591
274,357,441
1689,1850,1860
1466,1539
255,500,1052,1089,1499,2203
1922,1990,1996,2204
139,1481,2383
882,1301
865,922,1039,1194,1549,2055,2096
1341,1362
1603,2036,2128
97,156,404,425,1627,1669,2131
333,813,2148
1918,2037
254,794
236,321
729,799,1057,1350
1023,1164,1165,1166
207,1524
429,436,2104
2,257,1042
306,736,741,764,935,938,1591,1597
327,557,1236,1345,1635
448,556
218,663
449,1990,2151,2273
687,1340
714,716,914,945,1065,1198,1668
92,145,473,498,537,559,589,747,748,846,904,1196,1205,1216,1388,1915,2074,2158,2341
176,920
12,222,661
624,2218
2040,2042
689,691,759,1013,1231,1589
27,622,646
406,1042
346,348,350,397,510,682,847,1008,1009,1125,1132,1157,1401,1406,1429,1791,1999,2004,2023,2095,2287
1304,1344,1510
40,202,217,262,423,1592
154,1987
71,169,256,365,401,573,1524,2082,2357
1538,1637,1690
120,280,897,1806,2011
905,1029,1135
69,265,351,1258
439,765
125,336,1072,1975,2000,2005
298,2342
158,335,1665
923,1232,1506,1683,1692,2113,2383
73,115,256,278,489,490,491,492,649,979,1045,1054,1714,1854,1871,1884,1951,2181
0,7,330,1108,1465
594,603
348,350,445,1136,1406
969,1117,1144,1238,1314,1315,1317,1318,1333
1872,1882
695,1321
688,1407,1982,2201
18,99,823,1779,2033,2315,2357
258,376,606
30,193,231,258,376,538,606,972,1162,1795
1295,1812,2153,2225
81,164,165,242,334,360,377,452,619,1243,1944,2247,2299
631,2177
558,1778,2250
13,123,124,198,381
1534,1655,1762
189,667,746,2383
49,171,177,253,352,384,460,464,549,607,709,814,828,858,867,895,901,909,912,913,963,1097,1121,1122,1254,1264,1279,1285,1286,1302,1312,1410,1432,1530,1656,1709,1918,1919,2030,2037,2146,2240,2251
72,213,322,570
33,1458
1180,1236,2226
656,1953
159,512,613,2098,2099
1655,1789
89,117,297,327,521,557,592,1236,1253,1292,1345,1558,2147,2209,2241,2359
669,1419
790,852,870,1184
52,551,694,826,1237,1786,2129
437,616
228,554,577,634
49,464,1656
114,317,353,532,534,761,944,1217,1310,2090
785,1501
916,917,997,1178,1179,1182,1439
1259,1411,1437
42,64,76,210,221,658,848,1204,1269,1565,1628,1687,1702,2159,2366
182,1659,1820
138,2186
134,621
757,949
880,1149,1423,1451
1540,2304
504,505,562,719,720,721,986,987,1061,1200,1307,1308,1616,1916,2084,2085,2109,2110,2190,2317
36,1526,2159
1235,1483
1213,1434,1450,1496
2278,2323
1962,2142
1524,1602
187,599,672,2070
901,909,1530,1709
526,1390,1392,1544
234,630
1447,1946,2075
818,1799
1355,2012
2106,2352
802,1659
13,37,124,139,154,160,161,180,198,355,663,665,1503,1511,1518,1641,1715,1841,1842,2068,2191,2351
271,462,705,1348
1823,2300
340,1480,1701,1711,2179
57,102,197,245,519,642,774,857,1431,1484,1493,1560,1561,1601,1618,1723,1734,1744,1760
352,1511
817,2118
966,1101
703,1280
276,1177
134,621
176,524
34,287,550,777,1199,1865,2266
69,1954,2318
426,1046,1593,2039
882,1681,2135,2139
515,692,879,2184
919,1146,1304,1310
309,1368,1570,2167
533,627,1329,1464,1753,1756,1986,2215,2218,2219
334,619,2284
288,399
182,1659
1729,2311
8,146
1030,1427,2026
735,1327
1157,2265
139,2383
23,379,604,636,712,714,716,807,914,945,971,1043,1070,1075,1155,1198,1415,1438,1532,1629,1668,1968,1969,1970,2015,2021,2160,2173,2182,2227,2303,2316
504,719,720,721,1061
343,344,595
44,373,413,553,629,737,791,1091,1173,1236,1358,1359,1373,1375,1391,1418,1472,1671,1804,2174,2286
506,950,1131,1139,1309,1720,1804,1815,1926,2294,2327,2331
1050,1675
1703,2268
