0,8
0,16
0,32
0,33
0,37
0,38
0,39
0,40
0,41
0,42
0,44
0,46
0,47
0,51
0,52
0,53
0,54
0,55
0,56
0,57
0,58
0,59
0,60
0,61
0,62
0,63
0,65
0,66
0,67
0,69
0,85
0,91
0,92
0,103
0,232
0,266
0,292
1,6
1,32
2,3
2,4
2,5
2,6
2,7
2,8
2,9
2,10
2,11
2,12
2,15
2,16
2,17
2,18
2,19
2,21
2,23
2,24
2,27
2,28
2,29
2,30
2,32
2,33
2,34
2,35
2,36
2,41
2,46
2,51
2,55
2,57
2,79
2,95
2,103
2,111
2,210
3,4
3,5
3,6
3,7
3,9
3,10
3,11
3,12
3,16
3,17
3,18
3,19
3,20
3,22
3,23
3,24
3,27
3,29
3,30
3,33
3,34
3,35
3,36
3,41
3,46
3,51
3,52
3,55
3,57
3,66
3,91
3,92
3,95
3,103
3,104
3,106
3,111
3,196
3,205
3,291
3,303
3,305
4,5
4,6
4,7
4,9
4,11
4,13
4,14
4,15
4,17
4,18
4,19
4,21
4,22
4,23
4,24
4,26
4,27
4,28
4,29
4,30
4,31
4,32
4,34
4,35
4,36
4,71
4,74
4,76
4,77
4,82
4,104
4,187
4,190
4,196
4,260
5,6
5,7
5,11
5,12
5,13
5,14
5,15
5,16
5,17
5,18
5,19
5,22
5,23
5,24
5,25
5,26
5,27
5,28
5,30
5,31
5,34
5,35
5,36
5,53
5,56
5,60
5,76
5,86
5,91
5,105
5,263
5,317
6,7
6,8
6,9
6,10
6,11
6,14
6,15
6,16
6,17
6,21
6,22
6,23
6,27
6,28
6,30
6,31
6,32
6,33
6,34
6,36
6,67
6,74
6,76
6,79
6,89
6,178
6,195
7,8
7,9
7,10
7,11
7,12
7,13
7,14
7,15
7,16
7,17
7,18
7,19
7,20
7,21
7,22
7,23
7,24
7,26
7,27
7,28
7,29
7,30
7,31
7,32
7,33
7,34
7,35
7,36
7,37
7,40
7,46
7,47
7,57
7,60
7,67
7,76
7,98
7,101
7,103
7,177
7,245
7,286
8,10
8,11
8,16
8,17
8,21
8,27
8,29
8,32
8,33
8,35
8,36
8,57
8,103
8,221
9,10
9,11
9,13
9,14
9,16
9,17
9,18
9,20
9,21
9,22
9,23
9,24
9,26
9,27
9,28
9,29
9,30
9,31
9,32
9,33
9,34
9,35
9,36
9,44
9,56
9,67
9,79
9,80
9,83
9,91
9,101
9,189
9,231
10,16
10,17
10,20
10,21
10,22
10,27
10,29
10,30
10,32
10,33
10,34
10,35
10,36
10,41
10,57
10,62
10,67
10,83
10,91
10,104
10,160
10,174
10,196
10,262
10,292
10,311
10,314
11,14
11,15
11,16
11,17
11,18
11,19
11,24
11,26
11,28
11,29
11,31
11,34
11,35
11,64
12,13
12,14
12,15
12,17
12,18
12,20
12,21
12,22
12,23
12,24
12,25
12,27
12,29
12,30
12,34
12,35
12,36
12,46
12,53
12,56
12,59
12,63
12,91
12,104
12,210
12,213
12,258
12,302
13,15
13,18
13,20
13,21
13,23
13,24
13,26
13,27
13,29
13,30
13,31
13,32
13,34
13,56
13,61
13,65
13,76
13,86
13,89
13,98
14,18
14,19
14,20
14,22
14,24
14,28
14,29
14,31
14,34
14,93
15,16
15,17
15,18
15,20
15,22
15,24
15,26
15,28
15,30
15,31
15,33
15,34
15,35
15,36
15,41
15,67
15,76
15,82
15,91
15,92
15,100
15,102
15,104
15,106
15,187
15,200
15,203
15,260
15,263
16,17
16,21
16,23
16,27
16,28
16,29
16,30
16,32
16,33
16,34
16,49
16,57
16,79
16,80
16,93
16,95
16,192
16,216
16,297
17,19
17,20
17,21
17,23
17,24
17,26
17,27
17,29
17,30
17,32
17,33
17,34
17,37
17,38
17,41
17,42
17,43
17,44
17,46
17,52
17,56
17,57
17,65
17,67
17,77
17,146
17,276
18,19
18,20
18,23
18,24
18,31
18,35
18,36
18,37
18,49
18,74
18,84
18,86
18,87
18,92
18,94
18,95
18,154
19,20
19,22
19,23
19,24
19,26
19,28
19,30
19,31
19,35
19,36
19,57
19,83
19,86
19,92
19,107
19,137
20,23
20,27
20,28
20,29
20,32
20,33
20,35
20,36
20,61
21,22
21,23
21,27
21,30
21,31
21,32
21,33
21,34
21,35
21,55
21,67
22,23
22,24
22,27
22,28
22,30
22,31
22,33
22,34
22,35
22,36
22,49
22,50
22,58
22,76
22,79
22,80
22,84
22,92
22,94
22,104
22,190
23,24
23,29
23,30
23,32
23,33
23,35
23,36
23,37
23,41
23,42
23,43
23,51
23,52
23,54
23,57
23,61
23,66
23,72
23,73
23,85
23,91
23,92
23,96
23,99
23,103
23,104
23,131
23,140
23,181
23,196
23,197
23,210
23,213
23,216
23,232
23,250
23,274
23,284
23,294
23,305
24,27
24,28
24,31
24,34
24,36
24,71
24,95
24,111
24,121
24,160
24,262
24,277
25,34
25,65
25,210
26,28
26,30
26,31
26,36
26,76
26,260
27,29
27,32
27,33
27,34
27,35
27,36
27,42
27,57
27,141
27,177
27,192
27,195
27,198
28,31
28,33
28,34
28,36
28,51
28,68
28,92
28,266
29,32
29,33
29,34
29,49
29,61
29,173
29,205
30,31
30,32
30,33
30,34
30,35
30,36
30,76
30,91
30,153
30,196
30,319
31,33
31,34
31,35
31,36
31,40
31,73
31,76
31,77
31,92
31,250
31,260
32,33
32,35
32,36
32,38
32,47
32,57
32,78
32,88
32,91
32,103
33,35
33,36
33,41
33,46
33,51
33,55
33,57
33,74
33,76
33,79
33,84
33,97
33,103
33,176
33,210
33,269
33,305
34,35
34,36
34,65
34,91
34,93
34,134
34,189
34,216
34,307
35,40
35,41
35,47
35,55
35,57
35,69
35,75
35,76
35,79
35,85
35,103
35,255
36,41
36,55
36,57
36,61
36,79
36,97
36,147
36,153
36,170
37,38
37,39
37,40
37,41
37,42
37,44
37,46
37,47
37,48
37,49
37,50
37,51
37,52
37,53
37,54
37,55
37,56
37,57
37,58
37,60
37,61
37,62
37,63
37,64
37,65
37,66
37,67
37,68
37,69
37,73
37,76
37,80
37,83
37,85
37,91
37,99
37,101
37,103
37,115
37,138
37,177
37,188
37,255
37,265
37,287
37,304
38,40
38,41
38,44
38,45
38,46
38,49
38,50
38,51
38,52
38,53
38,55
38,56
38,57
38,58
38,59
38,60
38,61
38,62
38,63
38,65
38,66
38,67
38,69
38,73
38,82
38,90
38,92
38,200
38,317
39,40
39,41
39,42
39,47
39,49
39,50
39,54
39,55
39,59
39,60
39,62
39,65
39,67
39,68
39,71
39,77
39,81
39,83
39,94
39,302
39,305
40,41
40,42
40,44
40,46
40,47
40,48
40,49
40,50
40,51
40,52
40,53
40,54
40,55
40,56
40,57
40,58
40,59
40,60
40,61
40,62
40,63
40,64
40,65
40,66
40,67
40,68
40,69
40,73
40,82
40,83
40,85
40,91
40,93
40,104
40,105
40,126
40,170
40,213
40,285
40,305
40,307
40,310
40,317
41,42
41,44
41,46
41,47
41,48
41,49
41,50
41,51
41,52
41,53
41,54
41,55
41,56
41,57
41,58
41,61
41,62
41,63
41,65
41,66
41,67
41,69
41,77
41,83
41,91
41,99
41,103
41,104
41,105
41,129
41,138
41,141
41,174
41,188
41,192
41,231
41,261
41,268
42,46
42,47
42,49
42,52
42,53
42,54
42,55
42,56
42,57
42,60
42,62
42,63
42,64
42,66
42,67
42,68
42,78
42,85
42,91
42,97
42,101
42,104
42,138
42,173
42,174
42,210
42,221
42,260
42,262
42,272
42,297
43,49
43,50
43,54
43,67
44,45
44,46
44,51
44,53
44,56
44,57
44,58
44,59
44,60
44,61
44,65
44,80
44,111
45,49
45,51
45,52
45,53
45,56
45,57
45,58
45,59
45,60
45,61
45,62
45,65
45,66
45,73
45,82
45,83
45,127
45,170
45,193
45,200
45,317
46,47
46,48
46,49
46,50
46,52
46,53
46,54
46,55
46,56
46,57
46,58
46,59
46,60
46,62
46,63
46,65
46,67
46,74
46,76
46,79
46,86
46,91
46,94
46,97
46,101
46,103
46,107
46,178
46,192
46,200
46,256
46,265
46,281
46,307
46,309
47,48
47,49
47,51
47,52
47,53
47,54
47,55
47,56
47,57
47,58
47,60
47,62
47,63
47,64
47,65
47,67
47,103
48,53
48,57
48,58
48,60
48,61
48,62
48,63
48,65
48,310
49,50
49,51
49,52
49,53
49,54
49,55
49,56
49,60
49,62
49,64
49,65
49,67
49,83
49,89
49,92
49,95
49,196
50,51
50,52
50,53
50,54
50,55
50,57
50,59
50,60
50,62
50,63
50,64
50,67
50,68
50,69
50,76
50,77
50,83
50,94
51,52
51,53
51,54
51,55
51,56
51,57
51,58
51,59
51,62
51,64
51,65
51,66
51,67
51,68
51,69
51,103
51,203
52,54
52,55
52,59
52,62
52,63
52,64
52,65
52,67
52,68
52,69
52,76
52,83
52,89
52,92
52,126
52,187
52,197
52,257
52,265
52,266
52,270
52,307
52,317
53,55
53,56
53,57
53,58
53,59
53,60
53,61
53,62
53,63
53,65
53,66
53,67
53,74
53,76
53,87
53,91
53,97
53,109
53,150
53,210
54,55
54,57
54,59
54,61
54,62
54,65
54,67
54,69
54,79
54,83
54,91
54,92
54,154
55,56
55,57
55,58
55,59
55,60
55,62
55,63
55,64
55,65
55,66
55,67
55,68
55,69
55,75
55,85
55,93
55,95
55,99
55,103
55,106
55,112
55,203
55,210
56,57
56,58
56,59
56,61
56,62
56,63
56,64
56,65
56,67
56,68
56,71
56,76
56,85
56,91
56,92
56,97
56,101
56,102
56,111
56,121
56,131
56,178
56,179
56,199
56,210
56,213
56,217
56,228
56,244
56,270
56,281
57,58
57,59
57,60
57,61
57,62
57,65
57,66
57,67
57,68
57,85
57,91
57,99
57,103
57,104
57,209
57,278
57,311
58,59
58,62
58,63
58,65
58,67
58,75
58,76
58,79
58,103
58,106
58,110
58,121
58,228
58,283
59,62
59,63
59,65
59,66
59,67
59,69
59,76
59,91
59,92
59,97
59,104
59,109
59,121
59,256
59,261
59,285
60,62
60,63
60,64
60,65
60,67
60,68
60,76
60,82
60,85
60,141
60,170
60,207
60,310
61,65
61,66
61,67
61,69
61,88
61,92
61,268
61,271
61,285
62,65
62,67
62,68
62,69
62,76
62,80
62,102
62,104
63,66
63,68
63,87
63,91
63,103
63,109
64,65
64,68
64,69
64,82
64,92
64,105
64,170
64,257
64,260
64,262
64,266
64,270
64,288
64,305
65,66
65,67
65,68
65,71
65,73
65,76
65,82
65,83
65,84
65,88
65,90
65,91
65,94
65,98
65,104
65,105
65,106
65,152
66,67
66,69
66,200
66,203
67,68
67,69
67,73
67,76
67,78
67,82
67,83
67,89
67,91
67,115
67,184
67,197
67,255
67,258
67,275
68,69
68,92
68,170
68,187
68,260
68,266
68,270
68,317
69,79
69,83
70,72
70,73
70,76
70,77
70,81
70,82
70,83
70,84
70,85
70,86
70,88
70,94
70,98
70,103
70,104
70,105
70,106
70,107
70,108
70,109
70,133
70,173
71,73
71,75
71,76
71,77
71,78
71,79
71,81
71,82
71,83
71,86
71,87
71,88
71,90
71,92
71,93
71,94
71,97
71,101
71,102
71,106
71,107
71,108
71,109
71,131
71,263
71,324
72,75
72,76
72,77
72,81
72,82
72,85
72,86
72,87
72,88
72,90
72,91
72,92
72,94
72,96
72,97
72,98
72,99
72,101
72,103
72,104
72,105
72,106
72,107
72,108
72,109
73,74
73,75
73,76
73,77
73,78
73,79
73,80
73,81
73,82
73,83
73,84
73,85
73,87
73,91
73,92
73,93
73,94
73,96
73,97
73,98
73,99
73,101
73,102
73,103
73,104
73,105
73,107
73,108
73,175
73,187
73,196
73,228
73,297
74,75
74,76
74,78
74,79
74,80
74,82
74,83
74,84
74,85
74,86
74,87
74,89
74,90
74,91
74,92
74,93
74,94
74,95
74,96
74,97
74,99
74,101
74,102
74,103
74,104
74,105
74,107
74,131
74,149
74,200
75,76
75,77
75,78
75,79
75,80
75,82
75,83
75,84
75,85
75,87
75,88
75,89
75,91
75,93
75,94
75,95
75,96
75,97
75,98
75,99
75,101
75,102
75,104
75,106
75,108
75,131
75,138
75,153
75,223
75,275
75,276
75,304
76,77
76,78
76,79
76,81
76,82
76,83
76,84
76,85
76,86
76,87
76,88
76,89
76,90
76,91
76,94
76,96
76,97
76,98
76,99
76,100
76,101
76,102
76,103
76,104
76,105
76,106
76,107
76,108
76,109
76,112
76,117
76,121
76,132
76,137
76,138
76,141
76,172
76,175
76,176
76,177
76,184
76,189
76,191
76,199
76,203
76,205
76,263
76,285
76,318
77,78
77,79
77,81
77,82
77,83
77,84
77,85
77,86
77,87
77,88
77,90
77,91
77,92
77,93
77,94
77,95
77,96
77,97
77,98
77,100
77,101
77,104
77,105
77,106
77,107
77,108
77,109
77,209
78,79
78,80
78,81
78,82
78,83
78,84
78,85
78,86
78,87
78,88
78,89
78,90
78,91
78,92
78,93
78,94
78,95
78,96
78,97
78,99
78,100
78,101
78,102
78,103
78,104
78,105
78,107
78,108
78,111
78,112
78,161
79,80
79,81
79,82
79,84
79,86
79,87
79,89
79,91
79,92
79,93
79,94
79,95
79,96
79,97
79,98
79,99
79,100
79,101
79,102
79,103
79,104
79,105
79,106
79,107
79,108
79,152
79,154
79,196
79,213
79,291
80,81
80,82
80,83
80,84
80,85
80,87
80,88
80,89
80,90
80,91
80,92
80,94
80,95
80,96
80,97
80,99
80,101
80,102
80,103
80,104
80,107
80,109
80,122
80,138
80,175
80,176
80,182
80,192
80,281
80,283
80,298
81,82
81,83
81,85
81,86
81,87
81,88
81,90
81,91
81,94
81,95
81,98
81,99
81,103
81,104
81,105
81,106
81,107
81,108
81,109
81,219
81,221
81,231
82,83
82,84
82,85
82,87
82,88
82,89
82,90
82,91
82,92
82,93
82,94
82,95
82,97
82,98
82,99
82,101
82,102
82,103
82,104
82,105
82,108
82,109
82,111
82,178
82,187
82,202
82,218
82,227
82,241
82,262
82,297
83,84
83,86
83,87
83,88
83,90
83,91
83,92
83,93
83,94
83,95
83,96
83,97
83,98
83,101
83,102
83,103
83,104
83,105
83,106
83,108
83,109
83,214
84,85
84,86
84,87
84,88
84,89
84,90
84,92
84,93
84,94
84,95
84,96
84,97
84,98
84,99
84,101
84,102
84,103
84,104
84,106
84,107
84,108
84,109
85,86
85,91
85,92
85,94
85,95
85,96
85,97
85,99
85,101
85,103
85,104
85,105
85,106
85,109
85,199
85,213
85,232
85,238
85,243
85,307
86,87
86,88
86,90
86,91
86,94
86,98
86,99
86,102
86,104
86,105
86,106
86,107
86,108
86,109
86,111
86,137
86,263
87,88
87,89
87,91
87,92
87,93
87,94
87,95
87,96
87,97
87,101
87,102
87,104
87,105
87,108
87,109
87,131
87,135
87,178
87,226
88,89
88,90
88,91
88,92
88,93
88,94
88,95
88,96
88,98
88,100
88,101
88,102
88,103
88,104
88,105
88,106
88,107
88,108
88,109
88,198
88,316
89,91
89,92
89,93
89,95
89,96
89,97
89,99
89,102
89,103
89,105
89,109
89,227
89,229
89,326
90,91
90,92
90,93
90,94
90,95
90,96
90,97
90,98
90,99
90,100
90,102
90,103
90,104
90,105
90,106
90,107
90,108
90,214
90,244
91,92
91,94
91,96
91,97
91,98
91,99
91,100
91,101
91,103
91,104
91,105
91,106
91,107
91,108
91,109
91,137
91,164
91,175
91,199
91,205
91,257
91,263
91,265
91,311
92,93
92,95
92,96
92,97
92,101
92,102
92,103
92,105
92,106
92,107
92,108
92,109
92,177
92,197
92,202
92,203
92,216
92,217
92,229
92,246
92,260
92,265
92,266
92,317
93,94
93,95
93,96
93,97
93,98
93,103
93,104
93,106
93,109
94,95
94,96
94,97
94,98
94,100
94,101
94,102
94,103
94,104
94,105
94,106
94,108
94,109
95,96
95,102
95,103
95,104
95,105
95,106
95,109
95,197
95,307
96,97
96,99
96,101
96,102
96,103
96,104
96,108
96,136
96,256
97,101
97,102
97,103
97,104
97,106
97,109
97,263
98,100
98,101
98,103
98,106
98,107
98,108
98,109
98,322
99,101
99,102
99,103
99,104
99,108
99,200
99,213
99,231
99,232
99,238
99,243
99,265
100,104
100,106
100,107
100,125
101,102
101,103
101,104
101,105
101,106
101,108
101,109
102,103
102,104
102,107
102,108
102,109
102,178
102,191
102,192
102,199
102,218
102,302
102,303
103,104
103,105
103,106
103,107
103,108
103,109
103,111
103,116
103,245
104,105
104,106
104,107
104,108
104,109
104,114
104,137
104,142
104,187
104,263
105,106
105,107
105,108
105,109
105,214
105,268
105,269
106,107
106,108
106,109
106,263
107,108
107,109
107,197
108,109
108,278
109,318
110,111
110,112
110,113
110,114
110,115
110,116
110,117
110,119
110,120
110,121
110,124
110,126
110,131
110,132
110,134
110,135
110,136
110,137
110,138
110,139
110,140
110,141
110,142
110,146
110,154
110,208
110,209
110,227
110,229
110,231
110,274
110,305
111,112
111,113
111,114
111,115
111,116
111,117
111,118
111,119
111,120
111,121
111,122
111,123
111,124
111,126
111,127
111,129
111,130
111,131
111,132
111,133
111,134
111,135
111,136
111,137
111,138
111,139
111,140
111,141
111,142
111,154
111,170
111,177
111,187
111,192
111,196
111,199
111,205
111,233
111,262
111,265
111,272
112,113
112,114
112,115
112,116
112,117
112,118
112,119
112,120
112,121
112,122
112,126
112,130
112,131
112,132
112,133
112,134
112,135
112,136
112,137
112,138
112,139
112,140
112,141
112,142
112,143
112,154
112,155
112,163
112,165
112,181
112,187
112,196
112,200
112,202
112,207
112,278
112,291
112,313
113,114
113,115
113,116
113,117
113,118
113,119
113,120
113,121
113,123
113,126
113,127
113,128
113,129
113,130
113,131
113,132
113,133
113,134
113,135
113,137
113,139
113,140
113,141
113,142
113,143
113,149
113,151
113,169
113,178
113,181
113,182
113,183
113,187
113,202
113,204
113,257
113,308
114,115
114,116
114,117
114,119
114,120
114,121
114,122
114,124
114,128
114,129
114,130
114,131
114,132
114,133
114,134
114,135
114,137
114,138
114,139
114,140
114,141
114,142
114,146
114,154
114,162
114,163
114,170
114,177
114,187
114,192
114,194
114,255
115,116
115,117
115,119
115,120
115,121
115,122
115,123
115,124
115,126
115,127
115,128
115,130
115,131
115,132
115,133
115,134
115,135
115,136
115,137
115,138
115,139
115,140
115,141
115,142
115,164
115,170
115,175
115,176
115,177
115,185
115,192
115,194
115,202
115,225
115,288
116,117
116,118
116,119
116,120
116,121
116,122
116,123
116,124
116,126
116,130
116,131
116,132
116,133
116,134
116,135
116,137
116,138
116,139
116,140
116,141
116,142
116,154
116,170
116,199
117,118
117,119
117,120
117,121
117,122
117,124
117,126
117,130
117,131
117,132
117,133
117,134
117,135
117,136
117,137
117,138
117,139
117,140
117,141
117,142
117,187
117,200
117,277
117,281
118,130
118,131
118,132
118,133
118,134
118,135
118,136
118,137
118,139
118,140
118,141
118,142
118,151
118,154
118,167
118,186
118,310
119,120
119,121
119,122
119,124
119,130
119,131
119,132
119,133
119,134
119,135
119,136
119,137
119,139
119,140
119,141
119,223
120,121
120,122
120,123
120,124
120,125
120,126
120,130
120,131
120,132
120,133
120,134
120,135
120,136
120,138
120,140
120,141
120,142
120,154
120,170
120,175
120,176
120,190
120,205
120,207
120,210
120,223
121,122
121,123
121,124
121,125
121,126
121,130
121,131
121,132
121,133
121,134
121,135
121,137
121,139
121,140
121,141
121,142
121,153
121,156
121,164
121,168
121,170
121,172
121,178
121,179
121,181
121,184
121,187
121,188
121,200
121,202
121,219
121,221
121,231
121,241
121,245
121,257
121,260
121,263
121,307
122,123
122,124
122,126
122,127
122,131
122,132
122,133
122,134
122,136
122,137
122,140
122,141
122,142
122,153
122,162
122,168
122,170
122,178
122,185
122,197
122,200
122,209
122,303
122,324
123,124
123,125
123,126
123,128
123,131
123,132
123,133
123,134
123,135
123,136
123,137
123,140
123,141
123,142
123,175
123,196
123,222
124,127
124,128
124,130
124,131
124,132
124,133
124,134
124,135
124,136
124,137
124,139
124,140
124,141
124,142
124,148
124,187
124,200
124,209
124,210
124,233
125,126
125,127
125,128
125,129
125,133
125,134
125,155
125,254
125,298
125,305
125,310
126,127
126,128
126,129
126,130
126,131
126,133
126,134
126,135
126,136
126,138
126,140
126,141
126,142
126,143
126,170
126,196
126,233
126,234
126,241
126,317
127,128
127,129
127,131
127,132
127,134
127,135
127,136
127,138
127,140
127,142
127,187
127,251
127,275
127,326
128,129
128,130
128,131
128,134
128,135
128,138
128,140
128,141
128,152
128,155
128,167
128,196
128,302
128,310
129,130
129,132
129,138
129,139
129,140
129,192
129,326
130,131
130,134
130,135
130,136
130,138
130,139
130,140
130,141
130,142
130,151
130,154
130,183
130,184
130,187
130,195
130,196
130,213
130,217
131,132
131,133
131,134
131,135
131,136
131,137
131,138
131,139
131,140
131,141
131,142
131,144
131,145
131,150
131,151
131,153
131,154
131,157
131,171
131,172
131,178
131,180
131,182
131,183
131,186
131,187
131,192
131,200
131,202
131,204
131,210
131,226
131,244
131,256
131,296
131,305
131,307
131,308
131,310
131,313
131,318
131,325
132,133
132,134
132,135
132,136
132,137
132,138
132,139
132,140
132,141
132,142
132,154
132,179
132,186
132,187
132,191
132,196
132,197
132,209
132,304
132,305
132,309
132,311
133,134
133,135
133,137
133,139
133,140
133,141
133,142
133,173
133,196
133,266
134,135
134,136
134,137
134,138
134,139
134,140
134,141
134,142
134,145
134,151
134,160
134,161
134,187
134,199
134,309
135,136
135,137
135,138
135,140
135,141
135,142
135,148
135,154
135,170
135,188
135,200
135,223
135,269
135,278
135,311
135,313
135,326
136,139
136,140
136,141
136,142
136,169
136,187
136,310
137,139
137,140
137,141
137,142
137,148
137,154
137,168
137,169
137,178
137,187
137,192
137,195
137,200
137,209
137,309
138,139
138,140
138,153
138,156
138,157
138,163
138,164
138,165
138,168
138,170
138,197
138,269
138,274
138,288
138,307
138,317
139,140
139,142
139,149
139,154
139,182
139,183
139,202
139,204
139,308
140,141
140,142
140,143
140,148
140,153
140,154
140,164
140,170
140,180
140,185
140,187
140,191
140,192
140,195
140,196
140,207
140,209
140,219
141,142
141,143
141,148
141,154
141,163
141,175
141,187
141,309
142,154
142,187
142,250
143,147
143,148
143,149
143,150
143,151
143,153
143,154
143,156
143,157
143,158
143,159
143,161
143,162
143,163
143,164
143,165
143,166
143,167
143,168
143,170
143,185
143,192
143,200
143,255
144,152
144,153
144,154
144,157
144,171
144,195
144,200
144,220
144,226
145,147
145,148
145,150
145,160
145,201
145,220
146,147
146,149
146,151
146,153
146,155
146,156
146,158
146,160
146,161
146,163
146,166
146,168
146,169
146,170
146,179
146,324
147,148
147,150
147,151
147,152
147,153
147,154
147,155
147,156
147,157
147,160
147,161
147,174
147,177
147,205
147,207
148,151
148,154
148,157
148,158
148,159
148,162
148,163
148,165
148,166
148,168
148,169
148,192
148,208
148,209
149,150
149,151
149,152
149,153
149,154
149,155
149,156
149,161
149,162
149,164
149,167
149,169
149,170
149,171
149,172
149,176
149,179
149,183
149,185
149,188
149,195
149,198
149,199
149,200
149,202
149,204
149,206
149,213
149,251
149,273
149,308
149,317
150,151
150,152
150,153
150,154
150,155
150,156
150,159
150,160
150,161
150,163
150,167
150,168
150,169
150,200
150,202
150,210
150,213
150,216
150,268
151,152
151,153
151,154
151,156
151,157
151,159
151,160
151,161
151,162
151,163
151,165
151,166
151,167
151,168
151,170
151,174
151,179
151,182
151,183
151,186
151,198
151,200
151,202
151,204
151,296
151,310
152,153
152,154
152,157
152,159
152,160
152,161
152,163
152,168
152,169
152,170
152,171
152,184
152,186
152,187
152,191
152,198
152,299
153,154
153,155
153,156
153,157
153,158
153,159
153,160
153,161
153,163
153,164
153,165
153,166
153,167
153,168
153,169
153,170
153,171
153,176
153,178
153,179
153,182
153,184
153,185
153,186
153,187
153,188
153,189
153,190
153,191
153,192
153,197
153,198
153,199
153,200
153,201
153,202
153,204
153,206
153,213
153,219
153,224
153,243
153,244
153,265
153,296
153,305
154,155
154,157
154,158
154,162
154,163
154,164
154,165
154,166
154,167
154,168
154,169
154,170
154,171
154,173
154,187
154,191
154,192
154,253
154,311
155,159
155,160
155,161
155,164
155,167
155,169
155,170
155,186
155,188
155,198
155,226
155,260
156,159
156,160
156,161
156,163
156,164
156,165
156,166
156,168
156,170
156,179
156,185
156,187
156,191
156,200
156,201
156,206
156,221
156,242
157,162
157,163
157,164
157,165
157,170
157,185
157,192
157,200
157,289
157,326
158,160
158,163
158,166
158,167
159,160
159,161
159,164
159,165
159,166
159,168
159,170
159,172
159,188
159,191
159,200
159,305
160,161
160,164
160,169
160,174
160,187
160,191
160,200
160,260
161,165
161,168
161,200
161,213
161,296
161,320
162,163
162,164
162,165
162,169
162,187
162,192
163,164
163,165
163,166
163,168
163,170
163,185
163,187
163,191
163,192
163,206
163,211
163,225
164,165
164,167
164,168
164,170
164,172
164,175
164,179
164,197
164,198
164,202
164,302
165,168
165,170
165,191
166,168
166,169
166,170
166,200
166,209
166,256
167,168
167,169
167,170
167,179
167,200
167,228
167,310
168,170
168,179
168,200
168,298
168,302
168,307
169,187
169,196
169,308
169,310
170,191
170,197
170,199
170,200
170,203
170,206
170,223
170,226
170,231
170,251
170,257
170,265
170,288
170,294
170,298
170,307
170,315
170,317
170,322
171,192
171,226
172,173
172,175
172,176
172,177
172,178
172,181
172,182
172,183
172,186
172,188
172,189
172,191
172,192
172,195
172,199
172,200
172,202
172,203
172,206
173,174
173,175
173,176
173,177
173,178
173,181
173,184
173,186
173,187
173,188
173,190
173,191
173,192
173,198
173,199
173,200
173,203
173,206
173,207
173,209
173,256
173,263
173,272
173,293
173,317
174,175
174,176
174,177
174,178
174,179
174,181
174,182
174,184
174,185
174,186
174,187
174,188
174,189
174,190
174,192
174,193
174,194
174,195
174,196
174,197
174,198
174,199
174,200
174,201
174,202
174,203
174,209
174,213
174,281
174,303
175,176
175,177
175,178
175,179
175,181
175,182
175,183
175,184
175,185
175,186
175,187
175,188
175,189
175,190
175,191
175,192
175,193
175,195
175,196
175,197
175,198
175,199
175,200
175,203
175,204
175,205
175,206
175,207
175,209
175,227
175,274
175,283
175,294
175,307
176,177
176,178
176,179
176,180
176,181
176,182
176,184
176,185
176,186
176,187
176,188
176,189
176,190
176,191
176,192
176,195
176,197
176,199
176,200
176,203
176,205
176,206
176,207
176,209
176,214
176,222
176,223
176,227
177,178
177,179
177,180
177,183
177,184
177,185
177,186
177,187
177,189
177,190
177,191
177,192
177,193
177,195
177,196
177,197
177,198
177,199
177,200
177,202
177,203
177,204
177,205
177,206
177,207
177,208
177,209
177,242
177,245
177,297
178,181
178,182
178,183
178,185
178,186
178,188
178,189
178,190
178,192
178,195
178,199
178,200
178,202
178,203
178,204
178,205
178,209
178,296
178,297
178,308
178,317
179,180
179,181
179,182
179,184
179,185
179,187
179,188
179,189
179,190
179,191
179,192
179,193
179,194
179,195
179,196
179,197
179,198
179,199
179,200
179,201
179,205
179,206
179,207
179,209
179,213
179,216
179,221
179,228
179,231
179,242
180,181
180,184
180,186
180,187
180,188
180,191
180,193
180,195
180,196
180,200
180,205
180,206
180,209
181,182
181,184
181,185
181,186
181,188
181,189
181,190
181,191
181,192
181,193
181,195
181,196
181,197
181,199
181,200
181,203
181,205
181,206
181,207
181,231
182,183
182,184
182,185
182,186
182,188
182,190
182,193
182,196
182,198
182,199
182,200
182,202
182,209
182,231
182,241
182,244
182,302
182,307
182,308
183,185
183,188
183,192
183,193
183,195
183,199
183,200
183,202
183,204
183,257
184,185
184,186
184,187
184,188
184,189
184,190
184,191
184,192
184,193
184,194
184,195
184,196
184,197
184,198
184,199
184,200
184,202
184,203
184,205
184,206
184,209
184,222
184,309
185,186
185,188
185,189
185,191
185,192
185,193
185,194
185,195
185,197
185,199
185,200
185,202
185,203
185,204
185,205
185,206
185,210
185,311
186,187
186,189
186,190
186,191
186,192
186,197
186,198
186,199
186,200
186,203
186,204
186,205
186,206
186,207
186,236
186,296
187,189
187,190
187,191
187,192
187,194
187,195
187,196
187,197
187,198
187,199
187,200
187,203
187,205
187,206
187,207
187,208
187,209
187,210
187,216
187,260
187,282
187,296
187,297
187,301
187,304
187,309
187,311
187,312
187,325
188,191
188,192
188,193
188,195
188,196
188,197
188,198
188,199
188,200
188,203
188,205
188,207
188,209
188,303
188,313
189,190
189,191
189,192
189,195
189,197
189,199
189,200
189,203
189,205
189,206
189,207
189,209
189,287
190,191
190,192
190,194
190,195
190,196
190,197
190,198
190,199
190,200
190,201
190,203
190,205
190,207
190,208
190,226
191,192
191,195
191,196
191,197
191,199
191,200
191,201
191,202
191,203
191,204
191,205
191,206
191,207
191,208
192,193
192,194
192,195
192,196
192,197
192,198
192,199
192,200
192,201
192,202
192,203
192,204
192,205
192,206
192,208
192,209
192,226
192,231
192,232
192,293
192,294
192,295
192,297
192,304
192,305
192,307
192,310
192,319
192,326
193,195
193,196
193,197
193,200
193,202
193,204
193,206
193,209
193,223
194,195
194,197
194,200
194,202
194,203
194,311
195,196
195,197
195,198
195,199
195,200
195,201
195,202
195,203
195,204
195,205
195,206
195,207
195,209
195,211
195,233
195,293
196,197
196,199
196,200
196,201
196,202
196,203
196,204
196,205
196,206
196,208
196,209
196,216
196,221
196,272
196,303
196,308
196,317
197,198
197,199
197,200
197,202
197,203
197,204
197,205
197,206
197,207
197,209
197,220
197,224
197,226
197,231
197,241
197,294
197,297
197,298
197,303
197,307
197,317
197,318
197,322
197,326
198,199
198,200
198,202
198,203
198,204
198,205
198,206
198,207
198,209
198,305
199,200
199,203
199,204
199,205
199,206
199,207
199,209
199,233
199,259
199,284
199,311
200,201
200,202
200,203
200,204
200,205
200,206
200,207
200,208
200,209
200,210
200,213
200,222
200,225
200,235
200,244
200,254
200,255
200,256
200,258
200,260
200,277
200,288
200,292
200,307
200,326
201,205
201,209
202,204
202,209
202,235
202,302
202,305
202,308
203,204
203,205
203,206
203,207
203,209
203,221
203,231
204,207
204,245
205,206
205,207
205,208
205,209
205,226
206,209
206,243
207,209
207,210
208,209
208,212
209,325
210,211
210,212
210,213
210,214
210,215
210,216
210,217
210,219
210,220
210,222
210,223
210,224
210,225
210,227
210,228
210,229
210,230
210,231
210,232
210,233
210,234
210,235
210,236
210,238
210,240
210,241
210,242
210,243
210,244
210,245
210,246
210,247
210,250
210,251
210,253
210,254
210,255
210,256
210,257
210,258
210,268
210,269
210,271
210,277
210,284
210,290
210,292
211,212
211,213
211,214
211,215
211,217
211,219
211,221
211,222
211,223
211,224
211,225
211,226
211,227
211,228
211,229
211,230
211,231
211,232
211,233
211,234
211,235
211,236
211,237
211,238
211,240
211,241
211,242
211,243
211,244
211,245
211,246
211,248
211,249
211,250
211,251
211,253
211,299
212,215
212,219
212,220
212,221
212,224
212,225
212,226
212,227
212,228
212,229
212,233
212,234
212,235
212,236
212,240
212,241
212,242
212,245
212,246
212,248
212,249
212,250
212,251
212,268
212,284
213,214
213,215
213,216
213,217
213,219
213,220
213,221
213,222
213,223
213,224
213,225
213,226
213,227
213,228
213,229
213,230
213,231
213,232
213,233
213,234
213,235
213,236
213,238
213,240
213,241
213,242
213,243
213,244
213,245
213,246
213,251
213,252
213,253
213,254
213,268
213,269
213,274
213,277
213,284
213,285
213,312
213,326
214,216
214,217
214,219
214,221
214,222
214,228
214,230
214,231
214,232
214,233
214,234
214,235
214,238
214,240
214,242
214,243
214,244
214,245
214,251
214,253
214,268
214,277
215,216
215,217
215,218
215,219
215,220
215,221
215,224
215,225
215,226
215,227
215,229
215,231
215,232
215,233
215,234
215,235
215,236
215,237
215,240
215,241
215,242
215,243
215,244
215,249
215,250
215,251
215,252
215,253
215,297
216,219
216,220
216,221
216,222
216,225
216,226
216,228
216,230
216,231
216,232
216,233
216,234
216,236
216,238
216,240
216,241
216,242
216,243
216,244
216,245
216,251
216,253
216,268
216,274
216,287
216,292
217,218
217,219
217,220
217,221
217,222
217,223
217,224
217,225
217,226
217,227
217,228
217,229
217,231
217,232
217,233
217,235
217,236
217,237
217,239
217,240
217,241
217,242
217,243
217,244
217,245
217,246
217,247
217,250
217,251
217,253
217,287
217,292
218,220
218,222
218,224
218,226
218,227
218,229
218,231
218,232
218,233
218,234
218,235
218,236
218,237
218,242
218,243
218,244
218,249
218,250
218,256
218,265
218,274
218,276
218,281
218,284
219,220
219,221
219,222
219,224
219,225
219,226
219,227
219,228
219,229
219,230
219,231
219,233
219,235
219,236
219,238
219,240
219,241
219,242
219,243
219,244
219,245
219,247
219,249
219,250
219,251
219,253
219,273
219,298
219,301
219,318
220,221
220,222
220,223
220,224
220,225
220,226
220,227
220,228
220,229
220,230
220,231
220,233
220,235
220,236
220,237
220,238
220,239
220,240
220,241
220,242
220,243
220,244
220,245
220,246
220,251
220,273
220,278
220,297
220,319
221,223
221,224
221,225
221,226
221,227
221,228
221,229
221,230
221,231
221,232
221,233
221,234
221,235
221,236
221,237
221,239
221,240
221,241
221,242
221,243
221,244
221,245
221,246
221,249
221,250
221,251
221,260
222,223
222,224
222,225
222,226
222,227
222,228
222,230
222,232
222,233
222,234
222,236
222,237
222,238
222,241
222,242
222,243
222,244
222,245
222,250
222,251
222,255
222,256
222,258
222,260
222,261
222,263
222,265
222,268
222,269
222,271
222,274
222,276
222,277
222,278
222,281
222,284
222,287
222,291
222,319
223,224
223,226
223,227
223,228
223,229
223,231
223,232
223,235
223,236
223,237
223,239
223,240
223,241
223,242
223,243
223,244
223,245
223,246
223,250
223,251
223,272
224,226
224,227
224,228
224,229
224,230
224,231
224,232
224,233
224,234
224,235
224,236
224,237
224,238
224,239
224,240
224,241
224,242
224,243
224,246
224,247
224,249
224,250
224,253
224,256
224,259
224,268
224,278
224,287
224,294
224,298
224,299
224,304
224,307
224,309
224,319
224,322
225,226
225,227
225,228
225,229
225,230
225,231
225,232
225,233
225,234
225,235
225,236
225,237
225,238
225,240
225,241
225,242
225,243
225,244
225,245
225,246
225,247
225,249
225,250
225,251
225,252
225,253
225,268
225,274
225,281
226,227
226,228
226,229
226,230
226,231
226,233
226,234
226,235
226,236
226,237
226,240
226,241
226,242
226,243
226,244
226,245
226,246
226,250
226,251
226,252
226,254
227,228
227,229
227,230
227,231
227,232
227,233
227,234
227,235
227,236
227,237
227,238
227,240
227,241
227,242
227,243
227,244
227,245
227,249
227,250
227,251
227,255
227,259
227,274
227,287
227,288
227,298
227,314
227,322
228,229
228,230
228,231
228,232
228,233
228,234
228,235
228,236
228,237
228,240
228,241
228,242
228,243
228,244
228,245
228,246
228,247
228,249
228,250
228,251
228,253
228,255
228,262
228,269
228,272
228,275
228,281
228,282
228,285
228,286
228,291
228,292
228,293
228,294
228,296
228,297
228,298
228,301
228,304
228,305
228,307
228,318
228,319
228,321
228,326
229,230
229,231
229,233
229,234
229,235
229,236
229,237
229,240
229,242
229,243
229,245
229,249
229,250
229,251
229,259
229,274
229,288
229,298
230,231
230,232
230,233
230,235
230,236
230,240
230,241
230,242
230,243
230,244
230,245
230,246
230,247
230,250
230,251
230,253
231,232
231,233
231,235
231,236
231,238
231,239
231,240
231,241
231,242
231,243
231,244
231,245
231,246
231,249
231,250
231,251
231,253
231,260
231,273
231,287
231,291
231,314
231,317
231,322
232,233
232,234
232,235
232,236
232,238
232,240
232,241
232,242
232,243
232,244
232,245
232,246
232,251
232,253
232,256
232,281
232,287
233,234
233,235
233,236
233,237
233,240
233,241
233,242
233,243
233,244
233,245
233,246
233,247
233,248
233,249
233,250
233,251
233,253
233,273
233,301
233,305
233,309
233,317
233,321
234,235
234,236
234,237
234,238
234,240
234,241
234,242
234,243
234,245
234,251
234,254
234,255
234,256
234,258
234,260
234,262
234,266
234,273
234,274
234,278
234,281
234,287
234,290
234,291
234,304
235,236
235,238
235,240
235,241
235,242
235,243
235,244
235,245
235,247
235,248
235,249
235,250
235,251
235,253
235,255
235,281
235,300
235,301
236,237
236,238
236,239
236,240
236,241
236,242
236,243
236,244
236,246
236,248
236,249
236,250
236,252
236,253
236,291
237,240
237,241
237,245
237,250
237,251
237,255
237,259
237,269
237,276
237,280
237,281
238,241
238,242
238,243
238,253
238,269
238,281
239,251
239,297
240,241
240,242
240,243
240,244
240,245
240,247
240,248
240,249
240,250
240,253
240,271
240,287
241,242
241,243
241,244
241,245
241,246
241,247
241,249
241,250
241,252
241,253
241,305
242,243
242,244
242,245
242,250
242,251
242,253
242,273
242,298
242,304
243,244
243,245
243,248
243,249
243,250
243,252
243,253
243,261
243,272
243,273
243,278
243,279
243,281
243,287
243,291
243,296
243,299
243,303
243,313
243,319
243,323
244,245
244,250
244,251
244,256
244,260
244,262
244,265
244,268
244,269
244,271
244,274
244,277
244,281
244,287
244,292
244,300
244,304
244,305
244,314
244,321
244,323
245,246
245,248
245,249
245,250
245,251
245,253
246,247
246,250
246,253
246,260
247,250
248,249
248,250
249,250
249,271
250,251
250,252
250,253
250,314
251,252
251,281
251,297
252,296
253,254
253,262
253,269
253,271
253,282
253,286
253,290
254,255
254,257
254,258
254,259
254,260
254,261
254,262
254,263
254,265
254,266
254,267
254,268
254,269
254,271
254,272
254,273
254,274
254,276
254,277
254,278
254,279
254,280
254,281
254,282
254,283
254,284
254,286
254,289
254,290
254,302
255,256
255,257
255,258
255,259
255,260
255,261
255,262
255,263
255,264
255,265
255,268
255,269
255,271
255,272
255,273
255,274
255,276
255,277
255,278
255,279
255,280
255,281
255,282
255,283
255,284
255,286
255,287
255,289
255,290
255,291
255,292
255,294
255,298
255,299
255,311
256,257
256,258
256,259
256,260
256,261
256,262
256,263
256,265
256,266
256,268
256,269
256,270
256,271
256,273
256,274
256,275
256,276
256,277
256,278
256,280
256,281
256,282
256,284
256,289
256,290
256,291
256,292
257,258
257,259
257,260
257,261
257,262
257,263
257,264
257,265
257,266
257,269
257,270
257,271
257,272
257,274
257,275
257,276
257,277
257,278
257,279
257,282
257,283
257,284
257,285
257,286
257,287
257,288
257,290
257,291
257,292
258,259
258,260
258,261
258,262
258,263
258,265
258,267
258,269
258,270
258,271
258,272
258,273
258,274
258,275
258,278
258,281
258,282
258,283
258,284
258,286
258,287
258,288
258,289
258,290
258,291
258,292
258,304
259,260
259,265
259,268
259,269
259,270
259,271
259,272
259,273
259,275
259,276
259,277
259,278
259,280
259,286
259,287
259,288
259,294
259,297
259,298
259,299
259,304
259,307
259,322
259,326
260,261
260,262
260,263
260,264
260,265
260,266
260,267
260,268
260,269
260,270
260,271
260,272
260,273
260,274
260,275
260,276
260,277
260,278
260,279
260,280
260,281
260,282
260,283
260,284
260,285
260,287
260,288
260,289
260,290
260,291
260,292
260,294
260,298
260,319
261,264
261,269
261,271
261,274
261,275
261,278
261,279
261,281
261,284
261,288
261,291
261,292
261,304
262,263
262,265
262,266
262,268
262,269
262,270
262,271
262,272
262,273
262,275
262,276
262,277
262,278
262,279
262,281
262,282
262,283
262,285
262,286
262,287
262,288
262,290
262,291
262,292
262,301
262,303
263,264
263,265
263,266
263,268
263,269
263,270
263,271
263,272
263,273
263,274
263,276
263,277
263,278
263,281
263,283
263,284
263,285
263,286
263,288
263,290
263,291
263,292
263,299
263,302
263,319
263,326
264,267
264,271
264,273
264,274
264,276
264,278
264,280
264,282
264,284
264,287
264,288
264,289
264,292
265,266
265,268
265,269
265,270
265,272
265,274
265,276
265,277
265,279
265,281
265,282
265,283
265,284
265,285
265,287
265,288
265,291
265,296
266,268
266,269
266,270
266,271
266,272
266,273
266,275
266,277
266,281
266,283
266,285
266,286
266,287
266,288
266,289
266,290
266,291
266,305
267,268
267,269
267,271
267,273
267,274
267,275
267,276
267,280
267,282
267,287
267,288
267,289
267,292
267,298
267,325
268,269
268,270
268,271
268,272
268,273
268,274
268,275
268,277
268,278
268,279
268,280
268,281
268,282
268,283
268,284
268,285
268,286
268,287
268,288
268,289
268,290
268,291
268,292
268,302
268,304
268,322
269,270
269,271
269,272
269,273
269,274
269,276
269,277
269,278
269,279
269,280
269,281
269,282
269,283
269,284
269,286
269,287
269,288
269,289
269,290
269,291
269,292
269,299
269,304
269,309
269,310
269,319
269,325
270,271
270,272
270,273
270,274
270,276
270,277
270,278
270,281
270,282
270,283
270,284
270,285
270,286
270,287
270,291
270,293
270,317
271,272
271,273
271,274
271,275
271,276
271,277
271,278
271,279
271,281
271,282
271,283
271,284
271,285
271,286
271,287
271,288
271,289
271,290
271,291
271,292
271,299
272,273
272,274
272,276
272,277
272,278
272,281
272,282
272,283
272,284
272,285
272,287
272,288
272,290
272,291
272,292
272,296
273,274
273,275
273,276
273,277
273,278
273,279
273,281
273,282
273,283
273,284
273,285
273,286
273,287
273,288
273,289
273,290
273,291
273,292
274,275
274,276
274,278
274,281
274,282
274,284
274,287
274,289
274,290
274,305
275,278
275,282
275,284
275,285
275,287
275,288
275,289
275,290
275,292
276,277
276,278
276,279
276,280
276,283
276,284
276,287
276,288
276,289
276,291
276,292
277,278
277,281
277,282
277,283
277,284
277,285
277,286
277,287
277,289
277,290
277,291
277,292
277,305
278,279
278,281
278,282
278,283
278,284
278,287
278,289
278,290
278,291
278,292
278,300
278,319
279,282
279,286
279,287
279,289
279,290
279,319
280,282
280,287
280,288
280,289
280,291
280,292
281,283
281,284
281,287
281,290
281,291
281,292
282,284
282,286
282,287
282,288
282,290
282,291
282,292
282,299
282,309
282,311
283,286
283,287
283,289
283,290
283,292
284,286
284,287
284,288
284,289
284,291
284,311
285,287
285,288
285,290
285,292
285,307
286,287
286,290
286,291
287,288
287,289
287,291
287,292
287,296
288,289
288,291
289,291
289,302
289,304
290,291
291,322
292,318
293,295
293,296
293,297
293,298
293,299
293,300
293,301
293,302
293,303
293,304
293,305
293,307
293,308
293,309
293,310
293,311
293,312
293,313
293,314
293,315
293,316
293,317
293,318
293,320
293,321
293,323
293,324
293,325
293,326
294,298
294,299
294,301
294,304
294,307
294,310
294,313
294,317
294,319
294,321
294,322
294,325
294,326
295,297
295,299
295,300
295,302
295,303
295,304
295,305
295,308
295,310
295,312
295,315
295,323
295,325
296,297
296,298
296,299
296,300
296,301
296,303
296,304
296,305
296,307
296,308
296,309
296,310
296,311
296,312
296,313
296,314
296,315
296,317
296,318
296,319
296,320
296,321
296,322
296,323
296,324
296,325
296,326
297,298
297,299
297,300
297,301
297,302
297,303
297,304
297,305
297,307
297,310
297,311
297,312
297,313
297,314
297,316
297,317
297,318
297,319
297,320
297,321
297,325
297,326
298,299
298,304
298,305
298,307
298,308
298,309
298,315
298,317
298,318
298,319
298,320
298,321
298,322
298,324
298,325
299,300
299,301
299,302
299,303
299,305
299,307
299,311
299,314
299,315
299,316
299,319
299,322
299,323
299,325
299,326
300,302
300,303
300,304
300,305
300,307
300,309
300,311
300,314
300,316
300,317
300,319
300,323
300,326
301,302
301,303
301,304
301,305
301,307
301,308
301,309
301,311
301,312
301,315
301,319
301,321
301,323
301,325
301,326
302,303
302,304
302,305
302,314
302,318
302,319
302,321
302,323
302,325
302,326
303,304
303,305
303,307
303,309
303,310
303,312
303,313
303,314
303,315
303,316
303,317
303,318
303,319
303,320
303,321
303,322
303,323
303,324
303,325
303,326
304,305
304,306
304,307
304,309
304,310
304,311
304,312
304,313
304,314
304,315
304,317
304,318
304,319
304,320
304,321
304,322
304,323
304,324
304,325
304,326
305,307
305,308
305,309
305,310
305,312
305,313
305,319
305,321
305,322
305,324
305,326
306,307
306,311
306,317
307,309
307,310
307,312
307,315
307,316
307,317
307,318
307,319
307,322
307,323
307,325
308,309
308,311
308,319
308,321
308,325
309,310
309,311
309,312
309,313
309,314
309,315
309,317
309,318
309,319
309,320
309,322
309,323
309,324
309,326
310,311
310,313
310,314
310,315
310,317
310,318
310,319
310,320
310,321
310,322
310,323
310,324
310,325
310,326
311,312
311,313
311,314
311,315
311,316
311,317
311,318
311,319
311,320
311,321
311,326
312,313
312,315
312,316
312,317
312,318
312,319
312,320
312,322
312,324
313,315
313,316
313,317
313,318
313,319
313,320
313,324
313,325
313,326
314,316
314,323
314,324
314,326
315,319
315,320
315,324
316,317
317,319
317,321
317,323
317,324
317,326
318,319
318,320
318,321
318,322
318,323
318,324
318,325
318,326
319,320
319,322
319,324
319,326
320,323
320,325
321,322
321,325
321,326
322,323
323,324
323,326
0,8,32
0,8,33
0,12,34
0,32,33
0,32,103
0,33,46
0,34,46
0,37,38
0,37,41
0,37,55
0,37,103
0,38,47
0,38,61
0,38,63
0,38,65
0,38,67
0,41,47
0,41,57
0,41,103
0,44,53
0,44,65
0,47,51
0,47,57
0,47,67
0,47,103
0,51,57
0,51,66
0,53,57
0,53,58
0,53,65
0,53,66
0,55,57
0,57,103
0,58,59
0,85,99
0,99,103
2,3,13
2,3,35
2,3,36
2,3,41
2,3,57
2,7,12
2,7,15
2,7,19
2,7,28
2,7,32
2,7,35
2,7,36
2,7,57
2,8,32
2,10,32
2,10,57
2,12,27
2,15,30
2,16,27
2,18,19
2,18,36
2,18,95
2,19,24
2,19,28
2,19,32
2,19,36
2,19,57
2,19,95
2,24,95
2,27,34
2,27,36
2,28,35
2,30,34
2,32,36
2,32,57
2,33,57
2,34,36
2,35,57
2,36,57
2,37,41
2,37,55
2,41,57
2,57,103
3,7,19
3,7,23
3,7,33
3,15,26
3,20,23
3,23,36
3,23,51
3,23,57
3,33,51
3,33,55
3,33,57
3,41,57
3,46,57
3,46,103
3,51,55
3,55,66
3,57,103
4,5,26
4,5,30
4,5,31
4,6,15
4,6,31
4,7,31
4,9,26
4,9,30
4,9,31
4,11,28
4,15,22
4,15,26
4,15,30
4,15,31
4,15,187
4,17,22
4,17,29
4,17,30
4,22,27
4,22,31
4,26,30
4,26,31
4,30,31
4,31,35
4,187,260
5,6,34
5,12,23
5,12,34
5,12,53
5,12,85
5,13,34
5,15,31
5,53,56
5,56,91
6,8,32
6,9,11
6,9,16
6,9,28
6,11,16
6,11,28
6,12,22
6,13,22
6,15,31
6,16,28
6,16,121
6,23,28
6,32,91
6,75,76
6,75,96
6,79,80
6,79,96
6,79,97
7,8,16
7,8,21
7,8,32
7,8,57
7,10,16
7,10,21
7,10,27
7,10,35
7,10,57
7,12,189
7,14,35
7,15,19
7,15,22
7,15,23
7,15,26
7,15,35
7,16,21
7,16,30
7,16,36
7,18,19
7,19,28
7,19,57
7,20,29
7,20,35
7,21,29
7,21,30
7,21,35
7,22,31
7,29,33
7,30,35
7,32,35
7,32,57
7,32,103
7,33,36
7,35,36
7,35,85
7,36,57
7,37,103
7,40,42
7,85,99
8,10,21
8,10,32
8,16,21
8,32,35
8,32,36
8,32,103
9,11,20
9,11,28
9,14,28
9,16,80
9,16,189
9,17,30
9,30,31
9,31,35
10,16,21
10,21,104
10,21,292
11,14,22
11,14,28
11,16,28
11,19,28
11,28,31
11,28,68
11,64,68
12,13,34
12,14,22
12,14,34
12,15,34
12,34,35
12,34,91
12,46,59
13,20,21
15,26,30
15,26,31
15,26,187
15,30,31
15,31,34
15,31,35
15,31,76
15,31,91
15,91,104
15,92,106
17,20,29
17,21,30
17,21,35
17,56,59
17,58,59
18,19,24
18,19,30
18,19,76
18,19,86
18,19,95
18,86,137
19,28,35
19,86,137
21,31,35
21,35,55
22,31,35
22,84,92
22,88,92
23,33,51
23,38,41
23,39,50
23,41,61
23,41,103
23,51,66
23,72,104
23,85,103
23,213,216
23,274,284
26,36,97
26,187,260
27,34,36
28,31,68
30,31,36
30,76,91
31,56,91
31,76,91
32,33,35
32,36,57
33,41,57
33,46,57
33,46,103
33,51,55
33,57,103
33,78,97
33,85,99
36,37,41
36,41,55
37,38,41
37,40,41
37,41,42
37,41,47
37,41,51
37,41,55
37,41,57
37,41,59
37,41,61
37,41,65
37,41,67
37,41,76
37,41,103
37,41,271
37,42,47
37,42,60
37,42,67
37,47,67
37,50,67
37,51,52
37,51,66
37,54,67
37,55,56
37,55,60
37,55,103
37,56,91
37,61,67
37,62,65
37,66,67
37,76,103
37,76,199
37,99,103
38,44,56
38,44,61
38,45,65
38,45,228
38,49,82
38,56,59
38,56,65
38,61,69
38,64,68
38,73,82
39,40,60
39,41,65
39,49,67
39,49,83
39,50,83
39,54,67
39,59,62
39,67,83
39,73,82
40,41,42
40,42,47
40,42,51
40,42,60
40,42,62
40,46,55
40,47,55
40,48,60
40,48,63
40,49,50
40,49,55
40,52,60
40,52,64
40,52,68
40,59,60
40,60,62
40,60,65
40,60,75
40,65,67
41,42,47
41,42,55
41,42,67
41,46,57
41,46,103
41,47,53
41,50,83
41,55,57
41,55,62
41,55,103
41,57,59
41,57,83
41,57,103
41,59,61
41,66,67
41,104,108
42,46,47
42,47,49
42,47,50
42,47,55
42,47,63
42,49,50
42,49,55
42,49,92
42,51,60
42,53,91
42,54,67
42,55,60
42,60,62
42,63,66
42,64,68
44,53,56
44,53,59
44,56,58
44,56,59
44,58,59
45,170,317
46,50,55
46,53,56
46,53,58
46,53,59
46,53,63
46,53,87
46,53,97
46,55,58
46,55,63
46,55,103
46,56,58
46,56,59
46,56,63
46,56,91
46,56,97
46,57,103
46,58,62
46,58,63
46,59,63
46,59,97
46,60,91
46,63,103
46,74,87
46,76,91
47,49,55
47,54,67
47,55,103
49,50,52
49,50,62
49,50,83
49,54,67
49,54,83
50,51,55
50,52,64
50,54,57
50,54,67
50,55,62
50,59,62
50,67,69
51,55,57
51,55,66
51,57,66
52,60,64
52,64,68
52,64,92
52,64,126
52,64,270
52,68,92
52,68,265
52,92,197
52,92,265
53,56,58
53,56,59
53,56,63
53,56,65
53,56,91
53,56,97
53,58,59
53,58,63
53,58,65
53,59,62
53,59,63
53,59,97
53,63,87
53,63,91
53,74,87
53,76,91
53,91,302
54,55,67
54,56,67
54,61,67
54,62,67
54,63,67
54,67,79
55,57,62
55,58,59
55,58,63
55,62,67
55,62,69
55,63,103
56,58,59
56,58,60
56,58,63
56,58,91
56,58,110
56,58,121
56,59,63
56,59,91
56,59,97
56,60,65
56,60,91
56,63,91
56,76,91
56,213,216
56,228,233
57,85,99
57,103,104
58,59,62
58,59,63
58,59,65
59,62,76
60,64,68
60,76,91
63,65,106
63,76,91
64,68,92
64,92,266
64,126,270
65,71,90
65,76,106
67,76,91
67,91,263
68,92,197
70,73,75
70,75,76
70,83,88
70,83,94
70,83,98
70,86,98
70,86,109
70,88,98
70,104,109
70,106,108
71,76,90
71,76,94
71,77,83
71,77,88
71,77,90
71,79,90
71,83,87
71,83,90
71,83,94
71,83,106
71,87,90
71,87,97
71,88,90
71,88,94
71,88,95
71,88,106
71,90,94
71,90,106
71,93,106
71,94,101
71,101,106
71,153,158
72,76,81
72,76,88
72,76,105
72,77,83
72,77,88
72,77,94
72,77,104
72,77,106
72,81,85
72,81,88
72,85,88
72,85,103
72,85,105
72,86,98
72,88,91
72,88,94
72,88,104
72,88,105
72,88,106
72,88,107
72,90,105
72,91,105
72,105,107
73,75,84
73,76,82
73,79,101
73,82,84
73,82,97
73,82,103
73,82,128
73,82,213
73,82,297
73,84,101
73,84,103
73,91,104
73,91,109
74,75,79
74,75,87
74,75,96
74,78,79
74,78,80
74,78,84
74,78,87
74,78,97
74,79,80
74,79,87
74,79,96
74,80,84
74,80,87
74,80,95
74,80,96
74,80,97
74,80,101
74,84,92
74,84,95
74,84,102
74,87,96
74,87,97
74,87,102
74,89,92
74,93,95
74,96,102
75,76,78
75,76,87
75,77,83
75,77,87
75,77,93
75,77,94
75,77,96
75,78,79
75,78,87
75,78,96
75,79,87
75,79,89
75,79,96
75,79,101
75,80,96
75,83,94
75,83,95
75,84,94
75,87,94
75,87,95
75,87,96
75,87,97
75,87,101
75,87,102
75,87,109
75,88,94
75,88,96
75,92,96
75,93,94
75,93,95
75,93,96
75,94,95
75,94,101
75,95,104
75,96,97
75,101,102
75,101,109
76,77,83
76,77,91
76,77,94
76,83,104
76,83,106
76,84,91
76,84,103
76,86,89
76,86,94
76,86,98
76,86,263
76,88,90
76,88,98
76,88,104
76,88,106
76,88,131
76,90,94
76,90,106
76,91,101
76,91,104
76,91,106
76,91,177
76,91,263
76,92,106
76,94,106
76,150,199
76,175,176
76,175,205
76,176,184
76,176,199
76,177,189
76,177,205
76,184,199
76,184,205
76,189,203
76,257,285
77,78,83
77,81,108
77,83,87
77,83,90
77,83,93
77,83,94
77,83,101
77,85,94
77,86,88
77,86,91
77,86,98
77,86,109
77,87,101
77,88,90
77,88,94
77,88,95
77,88,104
77,88,106
77,90,94
77,90,98
77,90,106
77,90,108
77,91,105
77,91,109
77,94,95
77,94,106
77,98,107
77,98,109
77,100,105
77,101,109
77,105,106
77,108,109
78,79,80
78,79,84
78,79,87
78,79,89
78,79,91
78,79,96
78,79,97
78,79,102
78,79,104
78,80,91
78,80,97
78,80,103
78,91,103
78,91,106
78,96,97
78,96,102
78,99,103
78,101,102
79,80,87
79,80,89
79,80,92
79,80,97
79,80,99
79,81,99
79,81,104
79,84,89
79,86,108
79,87,89
79,87,94
79,87,101
79,89,92
79,89,97
79,91,107
79,93,95
79,97,138
80,82,92
80,84,95
80,87,97
80,89,92
80,89,96
80,96,97
80,97,102
81,83,88
81,85,99
81,85,103
81,86,98
81,86,107
81,86,108
81,86,109
81,87,108
81,88,104
81,91,105
81,91,106
81,91,108
81,91,109
81,97,106
81,98,107
81,98,109
81,99,108
81,103,106
81,106,107
81,106,108
81,107,108
81,108,109
82,83,106
82,85,109
82,88,92
82,92,97
82,92,103
82,304,315
83,86,109
83,87,101
83,88,93
83,88,95
83,90,91
83,90,94
83,90,106
83,90,108
83,91,104
83,93,94
83,93,95
83,94,106
83,98,107
84,86,98
84,87,92
84,87,102
84,88,92
84,92,99
84,92,101
84,93,109
84,98,101
84,101,102
85,88,91
85,90,99
85,91,104
85,99,103
85,99,104
85,99,200
85,232,238
86,87,108
86,88,100
86,90,94
86,90,107
86,91,98
86,91,109
86,91,137
86,92,98
86,98,108
86,98,109
86,102,263
86,104,109
86,106,107
86,106,108
86,106,109
86,107,108
86,108,109
86,111,132
86,137,187
87,89,92
87,91,96
87,91,104
87,91,109
87,93,95
87,94,97
87,94,101
87,96,97
87,101,102
87,104,108
87,108,109
88,89,92
88,90,94
88,90,98
88,90,105
88,90,106
88,90,107
88,90,108
88,91,104
88,91,105
88,94,95
88,94,106
88,94,108
89,92,97
89,92,102
89,92,103
89,93,95
89,99,103
90,91,94
90,94,98
90,94,106
90,94,108
90,104,108
90,105,107
91,94,109
91,100,104
91,101,109
91,104,106
91,104,107
91,104,109
91,104,121
91,105,106
91,176,199
91,184,199
91,257,263
92,95,103
92,96,102
92,97,102
92,101,102
92,105,268
92,260,265
93,94,95
94,95,106
97,103,106
97,106,109
98,106,107
99,213,232
99,232,238
101,102,109
101,105,109
104,106,109
105,214,268
106,107,109
107,108,109
110,111,114
110,111,120
110,111,154
110,112,132
110,112,135
110,112,136
110,113,114
110,113,139
110,113,140
110,114,116
110,114,140
110,131,140
110,134,140
110,135,136
110,135,140
110,140,142
110,208,209
111,112,120
111,112,131
111,112,135
111,112,141
111,114,132
111,114,134
111,114,140
111,114,154
111,115,140
111,117,119
111,117,120
111,117,122
111,117,132
111,117,136
111,117,140
111,118,140
111,119,120
111,119,132
111,119,136
111,119,140
111,119,187
111,119,226
111,120,121
111,120,135
111,124,132
111,129,132
111,129,187
111,131,134
111,131,135
111,132,134
111,132,137
111,132,139
111,132,140
111,132,187
111,134,136
111,134,140
111,134,187
111,135,154
111,136,140
111,272,277
112,113,130
112,118,131
112,126,135
112,128,135
112,130,131
112,131,134
112,131,135
112,132,135
112,134,135
112,135,136
112,135,140
112,135,141
112,135,154
112,135,163
112,135,181
112,140,143
112,140,163
112,143,163
112,143,165
112,163,185
112,163,187
113,114,134
113,114,139
113,114,140
113,114,187
113,116,124
113,116,133
113,116,134
113,116,140
113,134,140
113,139,140
113,140,142
114,115,124
114,115,140
114,116,134
114,119,134
114,119,140
114,120,140
114,124,140
114,127,140
114,132,140
114,133,140
114,134,137
114,134,139
114,134,140
114,139,140
114,140,163
114,140,170
114,140,185
115,116,120
115,117,141
115,119,120
115,122,140
115,123,133
115,133,142
115,149,164
115,192,194
116,117,139
116,119,142
116,120,135
116,122,142
116,124,140
116,133,140
116,134,140
117,118,131
117,119,140
117,120,121
117,121,122
117,121,137
117,121,141
117,123,126
117,124,140
117,130,131
117,130,136
117,131,134
117,131,139
117,132,140
117,132,141
117,134,140
117,135,141
118,130,131
118,131,134
118,131,135
118,131,136
118,131,142
118,136,310
119,120,135
119,131,136
119,132,141
119,134,140
120,129,138
120,132,136
120,132,138
120,132,210
120,136,138
120,136,139
121,122,132
121,122,141
121,124,137
121,124,141
121,137,141
121,141,187
121,164,170
121,181,188
121,217,223
122,123,133
122,137,141
122,153,170
122,303,317
122,303,324
123,126,133
123,130,135
123,133,140
123,133,142
123,133,196
123,134,140
123,140,196
124,131,136
124,131,140
124,132,141
124,136,137
124,137,141
124,140,141
124,141,187
126,127,129
126,133,140
126,170,317
126,210,213
127,129,132
127,129,138
127,129,139
127,136,138
130,131,136
130,131,154
131,132,135
131,132,136
131,132,142
131,133,142
131,134,151
131,135,140
131,138,140
131,140,141
131,140,142
131,150,151
131,151,182
131,172,178
131,175,180
131,178,186
131,185,195
132,135,311
132,137,141
132,137,187
132,137,209
132,141,154
132,141,187
132,141,209
132,141,309
132,179,187
132,187,209
132,187,309
133,134,140
133,140,142
134,140,187
134,160,161
135,137,187
135,154,311
136,167,169
136,167,310
137,141,187
137,141,309
137,187,309
138,164,165
139,182,308
140,153,191
140,163,187
140,179,191
140,179,195
140,180,185
140,185,192
140,191,195
141,154,187
141,187,209
141,187,309
143,147,154
143,147,157
143,148,162
143,148,163
143,148,165
143,151,163
143,154,163
143,154,169
143,157,163
143,157,192
143,162,163
143,163,165
143,163,170
143,163,185
143,163,187
143,164,165
144,179,195
144,184,195
146,149,169
147,154,160
147,157,160
147,160,161
147,177,205
148,208,209
149,164,172
149,164,202
149,169,202
149,172,202
150,177,199
150,177,205
151,159,160
151,159,168
151,163,170
151,186,204
152,186,198
153,156,164
153,156,170
153,156,179
153,156,191
153,163,164
153,163,165
153,164,165
153,164,170
153,168,179
153,177,200
153,178,182
153,178,186
153,179,191
153,179,195
153,179,201
153,182,186
153,186,296
153,191,195
153,191,201
153,224,298
154,157,169
156,164,170
156,179,191
156,179,201
156,187,201
156,191,201
157,200,326
163,164,165
163,165,170
163,185,192
164,172,202
167,169,310
170,197,317
170,224,298
170,226,231
170,226,317
170,294,322
172,178,200
172,181,188
172,188,200
172,200,203
173,174,192
173,175,199
173,175,200
173,175,203
173,176,181
173,179,190
173,185,198
173,186,203
173,189,190
173,190,192
173,190,200
173,190,203
173,203,207
174,176,192
174,177,190
174,179,184
174,179,192
174,179,195
174,185,195
174,188,193
174,190,192
174,190,197
174,192,195
174,192,200
174,199,209
174,201,209
175,176,177
175,176,180
175,176,184
175,176,185
175,176,188
175,176,192
175,176,197
175,176,199
175,176,200
175,176,203
175,177,185
175,177,189
175,177,199
175,177,203
175,177,204
175,179,184
175,179,185
175,179,192
175,184,189
175,184,191
175,184,199
175,185,192
175,186,203
175,187,192
175,187,195
175,187,207
175,189,199
175,189,203
175,197,200
175,197,205
175,199,203
175,199,207
175,199,209
175,200,203
175,200,207
175,203,207
176,177,189
176,177,195
176,177,199
176,184,187
176,184,199
176,189,191
176,189,199
176,198,203
177,179,195
177,181,205
177,184,185
177,184,189
177,184,195
177,184,199
177,184,203
177,184,205
177,185,189
177,185,203
177,187,192
177,189,199
177,189,205
177,189,206
177,190,199
177,190,205
177,191,205
177,192,196
177,192,205
177,199,205
177,199,207
177,199,214
177,203,205
177,205,226
177,205,245
178,182,186
178,186,192
178,190,200
178,192,204
178,199,200
178,203,207
178,262,270
179,180,209
179,181,185
179,181,197
179,184,192
179,184,195
179,185,192
179,185,195
179,185,197
179,187,195
179,189,199
179,191,195
179,191,201
179,192,195
179,192,197
179,195,196
179,195,197
179,195,200
179,195,205
179,197,200
181,184,205
181,186,192
181,186,203
181,196,197
182,183,202
182,183,204
182,186,190
182,188,200
183,185,204
183,202,204
184,185,192
184,189,190
184,189,191
184,189,192
184,189,199
184,189,205
184,190,199
184,190,205
184,191,195
184,191,199
184,192,195
184,192,196
184,195,196
184,195,199
184,195,205
184,196,205
184,199,205
184,203,206
184,203,207
184,205,209
185,192,194
185,192,195
185,192,196
185,192,202
185,197,200
185,202,204
186,191,197
186,191,203
186,203,207
187,189,206
187,191,195
187,191,199
187,195,196
187,195,199
187,195,205
187,195,209
187,196,199
187,197,206
187,205,209
187,297,304
187,304,325
187,309,311
189,190,199
189,191,203
189,192,199
189,193,199
189,199,200
189,199,203
189,199,205
190,191,203
190,192,194
190,192,200
190,194,195
190,194,197
190,196,197
190,196,205
190,199,205
191,195,196
191,199,203
191,200,203
192,194,195
192,194,293
192,197,200
192,197,204
192,198,200
192,202,204
195,196,203
195,196,205
195,197,200
195,203,207
196,197,200
196,197,204
196,197,317
196,200,204
197,198,200
197,200,204
197,203,206
197,226,231
197,226,317
197,294,298
197,294,322
198,203,207
199,203,206
199,203,207
199,210,214
200,203,205
210,211,224
210,212,228
210,213,214
210,213,216
210,213,231
210,213,238
210,213,241
210,213,244
210,213,253
210,213,268
210,214,216
210,214,219
210,214,225
210,214,233
210,214,238
210,214,244
210,214,253
210,214,268
210,215,232
210,215,235
210,215,238
210,215,243
210,216,244
210,216,268
210,217,241
210,217,292
210,221,232
210,222,243
210,223,241
210,224,253
210,225,228
210,225,233
210,226,230
210,227,229
210,228,230
210,231,241
210,231,242
210,232,238
210,232,241
210,232,243
210,236,244
210,240,244
210,243,244
210,268,277
210,268,292
211,212,225
211,212,229
211,213,214
211,213,226
211,215,229
211,216,245
211,217,221
211,217,227
211,217,229
211,217,251
211,219,231
211,219,235
211,219,241
211,222,225
211,222,231
211,224,227
211,224,229
211,224,251
211,225,235
211,225,240
211,225,250
211,226,240
211,227,229
211,227,251
211,228,233
211,229,250
211,229,251
211,233,240
211,235,236
211,235,240
211,235,241
211,235,243
211,235,250
212,219,228
212,224,235
212,224,250
212,225,235
212,225,242
212,225,250
212,229,250
212,233,242
212,235,240
212,235,251
212,244,250
212,248,249
213,216,222
213,216,245
213,216,253
213,219,231
213,221,223
213,221,231
213,221,232
213,222,242
213,228,242
213,228,245
213,232,238
213,232,241
213,235,240
213,238,244
213,238,245
213,242,243
213,274,284
214,228,242
215,217,220
215,217,223
215,220,224
215,220,225
215,220,226
215,220,227
215,220,229
215,220,236
215,220,241
215,220,242
215,220,245
215,220,251
215,220,278
215,222,278
215,224,229
215,225,236
215,227,229
215,231,244
215,238,243
215,240,242
216,217,232
216,219,228
216,221,231
216,222,243
216,228,233
216,244,251
217,219,242
217,221,223
217,221,225
217,221,231
217,221,236
217,222,230
217,223,227
217,223,231
217,223,235
217,223,236
217,223,251
217,223,260
217,225,250
217,227,229
217,227,251
217,229,231
217,229,251
217,231,236
217,231,241
217,231,242
217,231,243
217,231,244
217,232,243
217,232,244
217,236,243
217,240,243
218,227,229
218,237,241
218,256,276
218,256,281
218,281,287
219,221,226
219,221,231
219,221,241
219,222,242
219,225,228
219,225,235
219,225,242
219,226,231
219,226,241
219,226,242
219,228,233
219,228,240
219,228,241
219,228,242
219,228,245
219,228,250
219,228,253
219,231,241
219,231,242
219,231,244
219,233,235
219,233,242
219,233,243
219,233,250
219,233,251
219,241,242
219,247,250
220,222,226
220,222,278
220,224,231
220,225,233
220,225,242
220,227,251
220,229,251
220,233,243
220,242,243
221,223,226
221,223,231
221,223,241
221,223,244
221,225,235
221,225,245
221,225,250
221,225,251
221,226,231
221,226,241
221,227,229
221,227,236
221,228,231
221,229,231
221,229,236
221,231,232
221,231,235
221,231,236
221,231,237
221,231,241
221,231,242
221,231,244
221,231,245
221,231,251
221,236,240
221,244,251
222,225,233
222,225,235
222,225,243
222,225,244
222,226,278
222,227,242
222,233,234
222,233,243
222,234,242
222,234,281
222,234,304
222,236,243
222,240,244
222,243,319
222,256,276
222,278,291
223,225,250
223,226,237
223,226,251
223,232,241
223,241,244
224,225,235
224,226,246
224,227,229
224,227,251
224,227,259
224,235,240
224,235,250
224,243,287
224,245,250
224,259,294
224,259,298
224,259,299
224,259,307
224,294,298
224,294,299
224,294,307
224,298,299
224,298,307
224,298,322
224,299,322
225,226,233
225,227,229
225,227,251
225,228,233
225,228,242
225,228,243
225,230,245
225,230,246
225,230,250
225,231,244
225,231,250
225,233,235
225,233,240
225,233,243
225,233,246
225,233,253
225,234,253
225,235,236
225,235,240
225,235,243
225,235,245
225,235,250
225,235,251
225,235,268
225,236,240
225,236,250
225,243,281
225,244,250
225,245,250
225,250,252
226,227,229
226,229,251
226,230,231
226,230,245
226,230,246
226,231,241
226,231,242
226,235,240
226,235,251
226,241,242
226,242,243
226,245,246
227,228,230
227,229,235
227,229,237
227,229,242
227,229,244
227,229,245
227,229,250
227,229,251
227,229,298
227,231,236
227,235,240
227,235,243
227,235,251
228,231,233
228,233,243
228,233,247
228,233,250
228,233,253
228,234,236
228,241,242
228,241,245
228,242,250
228,242,304
228,245,250
228,282,286
229,235,241
229,245,251
230,236,245
230,241,245
231,232,244
231,232,251
231,241,242
231,241,244
232,238,243
232,243,281
232,287,291
233,240,242
233,242,243
233,242,253
233,242,273
233,243,253
233,243,255
233,243,273
233,250,253
234,257,271
234,258,260
234,258,261
234,278,291
234,281,287
235,241,243
235,242,243
236,243,244
240,243,248
240,248,249
241,242,243
241,243,252
242,243,273
243,281,287
244,300,314
245,250,281
254,255,260
254,255,268
254,255,276
254,258,260
254,260,282
254,262,273
254,262,277
254,262,290
254,262,291
254,263,290
254,266,269
254,268,273
254,268,277
254,269,286
254,271,276
254,273,278
254,273,290
254,277,286
254,290,291
255,256,273
255,257,261
255,257,276
255,257,284
255,258,260
255,258,283
255,261,284
255,268,274
255,268,278
255,268,284
255,268,291
255,269,276
255,271,272
255,271,273
255,271,274
255,271,276
255,271,284
255,271,291
255,274,276
255,274,284
255,276,280
255,276,287
255,276,288
255,276,289
255,277,281
255,278,291
255,287,291
256,257,263
256,257,266
256,258,269
256,259,276
256,261,284
256,262,263
256,263,265
256,263,278
256,263,287
256,263,291
256,265,266
256,265,270
256,268,270
256,270,287
256,274,284
256,276,280
256,276,291
257,258,269
257,258,278
257,260,263
257,260,265
257,260,266
257,262,268
257,262,272
257,262,277
257,263,265
257,263,266
257,263,268
257,263,271
257,263,278
257,263,285
257,265,288
257,266,288
257,269,271
257,271,277
257,271,278
257,273,284
257,274,284
257,274,287
258,260,263
258,260,265
258,260,277
258,260,278
258,260,279
258,260,287
258,260,291
258,265,287
258,274,284
258,278,281
258,278,282
258,278,287
258,278,291
259,268,274
259,268,287
259,276,280
259,294,298
259,294,299
259,294,307
260,262,273
260,262,277
260,263,265
260,263,268
260,263,276
260,263,287
260,265,266
260,265,288
260,268,270
260,268,274
260,268,277
260,268,284
260,269,281
260,270,274
260,270,284
260,274,284
260,277,281
260,281,291
261,274,284
261,275,292
261,281,284
262,266,281
262,268,270
262,268,272
262,268,278
262,268,286
262,270,281
262,271,277
262,271,282
262,272,277
262,273,283
262,273,286
262,273,290
262,277,279
262,278,283
262,282,286
262,282,290
262,283,286
262,286,290
263,265,266
263,266,278
263,269,276
264,267,288
265,268,272
265,274,284
265,276,284
266,269,270
266,269,275
266,270,272
266,270,281
266,273,290
267,269,273
268,269,277
268,269,281
268,270,271
268,270,272
268,270,273
268,270,274
268,270,281
268,270,284
268,270,287
268,271,274
268,271,277
268,271,278
268,271,284
268,272,273
268,272,277
268,272,281
268,272,287
268,272,292
268,273,277
268,273,278
268,273,281
268,274,284
268,277,287
268,277,292
269,271,273
269,274,284
269,274,291
269,276,291
269,277,286
269,304,319
269,309,319
270,271,272
270,271,273
270,271,274
270,271,276
270,272,281
270,272,287
270,273,274
270,277,278
270,281,291
271,272,285
271,273,276
271,273,277
271,273,282
271,273,283
271,273,292
271,274,284
271,274,287
271,276,289
271,276,291
271,282,288
271,284,287
271,284,290
271,286,290
272,273,285
272,273,292
272,277,285
272,277,286
272,277,292
272,285,292
273,277,287
273,278,291
274,276,284
274,281,284
276,280,287
277,285,292
278,291,319
293,296,297
293,296,303
293,296,304
293,296,307
293,296,309
293,296,311
293,296,315
293,296,317
293,296,320
293,297,312
293,297,316
293,299,304
293,299,313
293,303,316
293,304,309
293,304,312
293,304,315
293,305,312
293,309,315
294,298,322
294,298,326
294,299,307
294,299,325
294,309,322
295,299,305
296,297,312
296,297,320
296,301,321
296,301,325
296,303,304
296,304,309
296,304,315
296,309,311
296,309,315
296,310,314
296,310,317
296,311,317
297,301,304
297,304,317
297,304,319
297,304,320
297,310,311
297,310,315
297,310,320
297,313,315
297,317,319
298,299,307
298,299,309
298,299,322
298,305,322
298,307,322
298,309,322
298,321,322
299,300,326
299,301,318
299,303,315
299,307,322
300,302,326
300,314,323
300,323,326
301,317,326
302,314,323
302,323,326
303,304,313
303,309,313
304,309,311
304,309,319
304,309,321
304,309,326
304,310,311
304,311,319
304,312,319
304,315,319
304,319,320
305,319,326
307,313,315
309,310,311
309,310,318
309,311,318
309,311,319
309,315,319
310,311,317
310,315,319
311,319,320
312,313,319
312,315,319
312,319,320
0,7,8,32
0,7,32,103
0,8,32,33
0,8,32,103
0,37,41,57
0,37,41,103
2,3,41,57
2,7,18,35
2,7,32,57
2,19,24,95
2,19,36,57
2,27,30,34
2,27,34,36
3,7,20,23
3,14,34,36
3,23,33,51
3,33,41,57
3,33,51,55
3,33,57,103
3,46,57,103
3,51,55,66
4,5,15,31
4,8,17,22
4,8,22,32
4,11,28,31
4,15,22,31
4,15,26,31
5,30,31,36
5,53,56,91
6,9,11,16
6,9,11,28
6,9,14,28
6,11,16,28
7,8,10,21
7,8,16,21
7,8,32,103
7,17,21,35
7,20,21,23
7,35,85,99
9,11,16,28
18,19,76,86
18,19,86,137
23,213,274,284
26,36,87,97
33,41,57,103
36,37,41,55
36,37,41,103
37,41,55,103
37,41,76,103
40,42,47,60
40,42,60,62
41,46,57,103
44,53,56,59
44,53,58,59
44,56,58,59
46,53,56,58
46,53,56,59
46,53,74,87
46,55,58,63
46,56,59,97
46,58,59,63
49,50,52,64
51,55,57,66
52,64,68,92
53,56,58,63
53,56,63,91
53,56,91,92
67,76,91,263
70,72,86,98
71,77,88,94
71,81,86,98
72,88,91,105
74,75,87,96
74,78,79,80
74,78,80,103
74,79,96,101
74,80,87,96
74,84,87,102
74,84,93,95
75,77,83,87
75,77,87,94
75,77,87,101
75,78,79,96
75,79,87,94
75,79,94,101
75,87,94,97
76,86,90,94
76,88,90,94
76,90,98,106
76,91,177,199
77,83,87,101
77,86,91,98
77,86,91,109
77,86,98,109
77,88,90,94
77,88,94,95
77,91,105,106
78,79,82,95
78,79,97,102
78,80,85,99
81,86,98,109
81,87,108,109
84,87,93,109
88,90,94,95
88,90,94,106
88,90,94,108
89,92,99,103
110,111,114,117
110,111,114,154
110,113,114,140
110,208,227,229
111,112,135,141
111,119,121,140
111,119,132,187
111,129,132,140
112,143,163,185
113,114,134,140
113,134,140,187
114,119,134,140
114,124,132,141
114,124,140,192
117,121,137,141
121,122,137,141
123,126,140,196
123,133,140,196
132,137,141,187
132,141,187,209
137,141,187,309
138,163,164,165
140,148,208,209
143,157,185,192
149,164,172,202
153,156,179,191
153,159,164,170
153,163,164,165
153,191,195,196
156,179,191,201
175,176,177,199
175,176,184,199
175,176,189,199
175,176,191,199
175,184,189,199
175,199,203,207
177,184,199,205
178,185,192,204
179,197,198,200
180,185,200,206
183,192,202,204
184,195,196,205
196,197,200,204
210,213,214,216
210,213,232,241
210,215,232,243
210,226,228,230
210,226,228,245
211,215,224,227
211,220,227,229
211,224,227,229
211,224,227,251
211,227,229,243
211,227,229,251
212,225,235,250
213,221,231,242
213,221,231,244
215,220,227,229
215,220,229,251
215,224,227,229
215,227,229,251
217,221,223,241
217,221,231,241
217,221,236,240
217,231,241,242
217,236,240,244
219,221,231,241
219,226,241,242
219,228,241,242
219,231,241,242
219,241,242,250
220,227,229,251
220,233,242,273
220,233,243,273
221,223,231,241
221,223,232,244
221,223,241,242
221,223,241,244
221,226,231,241
221,226,231,242
221,231,241,244
224,235,240,250
224,259,294,298
224,294,298,299
224,294,299,322
225,227,229,233
225,235,250,268
226,227,229,251
226,231,241,242
227,228,231,251
227,228,233,251
228,231,233,251
254,255,273,286
254,262,273,286
255,268,274,284
255,271,274,284
255,271,274,287
256,258,274,284
257,260,263,265
257,262,271,277
258,261,274,284
260,268,274,284
262,282,286,290
268,270,272,281
268,270,272,287
268,270,274,284
269,271,273,279
270,271,273,283
271,274,284,287
272,277,285,292
293,296,304,309
293,296,304,315
293,296,309,315
297,304,305,312
297,304,317,319
3,33,41,57,103
36,37,41,55,103
71,77,88,90,94
77,88,94,95,106
211,215,224,227,229
215,220,227,229,251
221,223,231,241,244
