0,1
0,2
0,3
0,4
0,8
0,10
0,12
0,14
0,16
0,19
0,23
0,26
0,27
0,28
0,29
0,32
0,36
0,38
0,44
0,45
0,48
0,53
0,56
0,57
0,58
0,64
0,67
1,2
1,3
1,4
1,5
1,6
1,8
1,9
1,10
1,12
1,13
1,14
1,17
1,18
1,19
1,20
1,21
1,22
1,23
1,26
1,27
1,28
1,29
1,31
1,32
1,33
1,34
1,36
1,37
1,38
1,39
1,40
1,41
1,42
1,44
1,45
1,46
1,47
1,48
1,50
1,52
1,53
1,55
1,56
1,57
1,59
1,60
1,61
1,62
1,63
1,64
1,65
1,66
1,67
1,68
1,73
2,5
2,6
2,8
2,10
2,13
2,15
2,16
2,24
2,33
2,39
2,40
2,41
2,42
2,44
2,45
2,48
2,56
2,64
2,73
3,5
3,6
3,7
3,8
3,10
3,12
3,13
3,14
3,16
3,19
3,23
3,24
3,27
3,36
3,38
3,39
3,40
3,41
3,42
3,43
3,44
3,45
3,46
3,47
3,48
3,49
3,56
3,64
3,69
3,70
3,71
4,6
4,8
4,10
4,12
4,13
4,16
4,23
4,27
4,38
4,39
4,40
4,41
4,42
4,44
4,45
4,48
4,49
4,53
4,56
4,61
4,64
4,68
4,70
4,71
4,73
5,6
5,8
5,9
5,10
5,12
5,18
5,19
5,20
5,21
5,22
5,23
5,25
5,27
5,29
5,30
5,31
5,32
5,34
5,36
5,37
5,38
5,39
5,40
5,41
5,43
5,44
5,45
5,47
5,49
5,57
5,64
5,66
5,67
5,68
5,69
5,72
6,10
6,12
6,13
6,14
6,15
6,19
6,20
6,22
6,23
6,25
6,26
6,27
6,28
6,29
6,31
6,32
6,33
6,35
6,36
6,37
6,38
6,39
6,40
6,41
6,42
6,43
6,44
6,45
6,47
6,48
6,53
6,55
6,59
6,60
6,62
6,64
6,65
6,67
6,68
6,73
7,14
7,23
7,29
7,40
7,41
7,59
8,9
8,10
8,12
8,13
8,14
8,16
8,17
8,19
8,22
8,23
8,24
8,25
8,26
8,27
8,28
8,29
8,30
8,31
8,32
8,33
8,34
8,35
8,36
8,37
8,38
8,39
8,40
8,41
8,42
8,43
8,44
8,45
8,47
8,48
8,49
8,50
8,51
8,52
8,53
8,55
8,56
8,57
8,60
8,62
8,63
8,64
8,66
8,68
8,69
8,72
8,73
9,13
9,23
9,27
9,33
9,36
9,38
9,41
9,42
9,43
9,44
9,47
9,49
9,55
9,64
9,69
9,73
9,74
10,12
10,13
10,14
10,15
10,16
10,18
10,19
10,20
10,22
10,23
10,25
10,26
10,27
10,28
10,29
10,31
10,32
10,33
10,34
10,36
10,38
10,39
10,40
10,41
10,42
10,43
10,44
10,45
10,46
10,48
10,51
10,53
10,54
10,56
10,57
10,59
10,60
10,61
10,62
10,63
10,64
10,65
10,66
10,67
10,68
10,72
10,73
10,74
11,15
11,23
11,38
11,50
11,68
12,13
12,14
12,15
12,16
12,17
12,18
12,19
12,23
12,25
12,27
12,28
12,29
12,31
12,33
12,35
12,36
12,38
12,39
12,40
12,41
12,42
12,43
12,44
12,45
12,46
12,47
12,48
12,54
12,55
12,56
12,57
12,59
12,60
12,61
12,62
12,64
12,65
12,67
12,68
12,72
12,73
13,14
13,15
13,16
13,19
13,23
13,28
13,29
13,31
13,36
13,38
13,39
13,40
13,48
13,56
13,57
13,61
13,64
13,65
13,66
13,67
13,68
13,73
14,15
14,16
14,19
14,20
14,21
14,22
14,23
14,26
14,27
14,28
14,29
14,31
14,32
14,33
14,34
14,35
14,36
14,38
14,39
14,40
14,41
14,42
14,43
14,44
14,45
14,46
14,47
14,48
14,49
14,51
14,55
14,56
14,57
14,58
14,59
14,60
14,64
14,65
14,66
14,67
14,68
14,73
14,74
15,16
15,23
15,27
15,29
15,31
15,33
15,35
15,36
15,38
15,40
15,41
15,45
15,46
15,48
15,65
15,68
15,73
16,19
16,22
16,23
16,25
16,26
16,27
16,28
16,29
16,33
16,35
16,36
16,38
16,39
16,40
16,41
16,42
16,44
16,45
16,46
16,48
16,49
16,53
16,54
16,55
16,56
16,58
16,60
16,68
16,73
17,27
17,38
17,41
17,42
17,43
17,44
17,49
17,64
17,65
17,68
17,69
17,73
18,19
18,23
18,33
18,38
18,41
18,43
18,47
18,59
18,64
18,69
19,20
19,21
19,23
19,25
19,26
19,27
19,28
19,29
19,31
19,32
19,33
19,34
19,36
19,37
19,38
19,39
19,40
19,41
19,42
19,43
19,44
19,45
19,46
19,47
19,48
19,51
19,52
19,56
19,57
19,59
19,60
19,62
19,63
19,64
19,65
19,66
19,67
19,68
19,73
19,74
20,24
20,25
20,27
20,29
20,41
20,42
20,44
20,45
20,48
20,57
20,59
20,65
20,68
20,69
20,73
21,23
21,25
21,27
21,28
21,29
21,30
21,38
21,39
21,42
21,45
21,48
21,56
21,57
21,64
21,72
22,23
22,24
22,27
22,30
22,38
22,39
22,40
22,42
22,43
22,44
22,45
22,48
22,49
22,56
22,64
22,69
22,70
22,71
23,25
23,26
23,27
23,28
23,29
23,30
23,31
23,32
23,33
23,34
23,35
23,36
23,37
23,38
23,39
23,40
23,41
23,42
23,43
23,44
23,45
23,46
23,47
23,48
23,49
23,53
23,54
23,56
23,57
23,58
23,59
23,60
23,61
23,62
23,64
23,65
23,66
23,67
23,68
23,72
23,73
24,26
24,28
24,31
24,32
24,34
24,37
24,44
24,57
24,66
24,67
24,69
25,26
25,27
25,29
25,30
25,31
25,32
25,36
25,38
25,39
25,42
25,43
25,44
25,45
25,47
25,48
25,62
25,68
26,27
26,36
26,43
26,45
26,48
26,56
26,57
26,59
26,64
26,68
26,69
26,73
27,28
27,29
27,31
27,32
27,34
27,36
27,37
27,38
27,39
27,40
27,41
27,42
27,43
27,44
27,45
27,47
27,48
27,50
27,51
27,53
27,57
27,59
27,60
27,61
27,62
27,63
27,64
27,66
27,67
27,68
27,71
27,72
27,73
28,29
28,30
28,33
28,34
28,35
28,36
28,38
28,39
28,41
28,42
28,43
28,45
28,47
28,48
28,56
28,57
28,59
28,62
28,64
28,65
28,68
28,69
28,70
28,71
28,72
28,73
29,30
29,31
29,32
29,33
29,34
29,35
29,37
29,38
29,39
29,40
29,41
29,42
29,43
29,44
29,45
29,48
29,51
29,52
29,56
29,59
29,61
29,62
29,63
29,64
29,67
29,73
30,31
30,32
30,38
30,39
30,41
30,42
30,49
30,51
30,62
30,63
31,33
31,36
31,38
31,39
31,41
31,42
31,43
31,44
31,45
31,46
31,47
31,48
31,57
31,59
31,64
31,68
31,69
31,70
31,71
31,73
32,36
32,40
32,42
32,43
32,44
32,45
32,47
32,48
32,51
32,56
32,57
32,59
32,64
32,65
32,67
32,69
32,70
32,71
32,73
33,34
33,36
33,38
33,41
33,42
33,43
33,44
33,45
33,46
33,47
33,59
33,64
33,65
33,68
33,72
33,73
34,38
34,39
34,43
34,47
34,57
34,59
34,64
34,65
34,68
34,69
34,73
35,36
35,42
35,46
35,60
36,38
36,39
36,40
36,43
36,44
36,45
36,46
36,48
36,49
36,52
36,56
36,57
36,58
36,65
36,66
36,68
36,72
36,73
37,40
37,41
37,43
37,44
37,49
37,68
37,69
38,39
38,40
38,41
38,42
38,43
38,44
38,45
38,46
38,47
38,48
38,49
38,53
38,54
38,55
38,56
38,57
38,58
38,60
38,61
38,62
38,64
38,66
38,67
38,68
38,72
38,73
39,40
39,41
39,42
39,43
39,44
39,45
39,47
39,48
39,49
39,53
39,55
39,57
39,60
39,61
39,62
39,64
39,66
39,67
39,68
39,72
40,41
40,44
40,45
40,46
40,47
40,48
40,49
40,50
40,53
40,56
40,57
40,59
40,62
40,64
40,66
40,67
40,70
40,72
41,42
41,43
41,44
41,46
41,47
41,49
41,51
41,52
41,57
41,59
41,60
41,61
41,62
41,64
41,66
41,68
41,69
41,73
41,74
42,43
42,44
42,45
42,46
42,48
42,49
42,51
42,52
42,53
42,55
42,59
42,60
42,62
42,64
42,68
42,73
43,44
43,45
43,47
43,48
43,49
43,53
43,55
43,57
43,60
43,62
43,67
43,68
43,72
43,74
44,48
44,50
44,53
44,55
44,56
44,57
44,59
44,60
44,64
44,68
44,69
44,72
44,74
45,46
45,48
45,51
45,52
45,53
45,54
45,55
45,56
45,58
45,60
45,61
45,62
45,64
45,68
45,73
46,59
46,68
46,72
47,57
47,64
47,67
47,72
48,55
48,56
48,60
48,61
48,64
48,68
48,73
49,53
49,55
49,57
49,60
49,66
49,68
49,69
49,72
50,59
50,64
51,70
51,71
52,71
53,56
53,64
53,70
53,71
54,71
55,56
55,64
55,69
55,70
55,71
56,59
56,62
56,64
56,67
56,73
57,64
57,67
57,68
58,72
58,73
59,64
59,65
59,67
59,73
60,70
60,71
62,70
62,71
63,70
63,71
64,66
64,67
64,68
64,72
64,73
64,74
65,67
65,68
65,72
65,73
65,74
66,68
67,68
67,69
68,73
69,74
70,71
0,1,10
0,3,56
0,4,56
0,8,56
0,14,38
0,22,56
0,36,56
0,38,45
0,48,56
0,53,56
0,56,64
0,56,67
1,3,10
1,3,40
1,4,45
1,6,10
1,6,23
1,6,27
1,6,28
1,6,29
1,6,31
1,6,38
1,6,41
1,6,42
1,6,45
1,6,59
1,8,10
1,8,12
1,8,19
1,8,23
1,8,38
1,8,41
1,8,44
1,8,45
1,8,46
1,8,57
1,8,64
1,10,14
1,10,18
1,10,19
1,10,20
1,10,23
1,10,26
1,10,27
1,10,28
1,10,29
1,10,31
1,10,32
1,10,34
1,10,38
1,10,39
1,10,40
1,10,41
1,10,42
1,10,44
1,10,45
1,10,48
1,10,57
1,10,59
1,10,64
1,10,67
1,10,73
1,12,23
1,12,65
1,13,73
1,14,29
1,14,42
1,14,73
1,16,23
1,17,27
1,19,20
1,19,21
1,19,23
1,19,29
1,19,31
1,19,36
1,19,41
1,19,42
1,19,45
1,19,57
1,19,59
1,19,64
1,20,42
1,21,48
1,22,45
1,23,27
1,23,29
1,23,45
1,23,64
1,27,28
1,27,29
1,27,31
1,27,32
1,27,38
1,27,39
1,27,41
1,27,42
1,27,45
1,27,59
1,27,73
1,28,38
1,28,41
1,28,42
1,28,45
1,28,59
1,29,32
1,29,38
1,29,42
1,29,45
1,32,59
1,33,38
1,34,64
1,36,38
1,38,45
1,38,48
1,38,64
1,40,45
1,41,42
1,41,64
1,41,73
1,42,59
1,45,48
1,45,55
1,45,60
1,45,63
1,45,64
1,50,64
2,6,10
2,15,16
3,6,42
3,6,43
3,6,56
3,7,23
3,7,40
3,8,10
3,10,12
3,10,27
3,12,44
3,14,40
3,24,69
3,40,45
3,42,43
4,6,42
4,8,19
4,10,45
4,10,61
4,27,56
4,38,53
4,68,73
5,8,27
5,14,44
5,27,44
5,28,43
5,43,72
6,7,19
6,9,42
6,10,14
6,10,23
6,10,25
6,10,27
6,10,29
6,10,33
6,10,38
6,10,41
6,10,42
6,10,44
6,10,45
6,10,48
6,12,14
6,12,25
6,12,35
6,12,42
6,12,44
6,14,35
6,14,42
6,14,59
6,19,23
6,19,27
6,19,29
6,19,40
6,19,41
6,19,42
6,19,45
6,19,59
6,20,25
6,20,42
6,22,43
6,23,27
6,23,29
6,23,45
6,25,39
6,25,42
6,25,43
6,25,44
6,26,68
6,27,45
6,27,64
6,28,29
6,28,42
6,28,43
6,29,35
6,29,38
6,29,42
6,31,42
6,33,42
6,33,73
6,35,42
6,39,42
6,39,43
6,41,42
6,42,43
6,42,44
6,42,59
6,42,60
6,43,55
6,43,62
6,44,59
6,44,60
6,56,67
7,12,23
7,19,40
7,23,40
8,10,12
8,10,23
8,10,28
8,10,38
8,10,41
8,10,44
8,10,45
8,10,57
8,10,64
8,10,73
8,12,23
8,12,38
8,12,48
8,14,38
8,14,48
8,14,60
8,14,68
8,17,38
8,19,25
8,19,30
8,19,34
8,19,38
8,19,41
8,19,45
8,19,57
8,23,29
8,23,38
8,23,44
8,23,47
8,23,48
8,23,57
8,23,60
8,24,69
8,25,27
8,25,30
8,27,28
8,27,64
8,30,38
8,30,63
8,31,41
8,31,42
8,33,45
8,34,38
8,36,38
8,38,41
8,38,45
8,38,48
8,38,64
8,39,42
8,39,44
8,40,48
8,40,57
8,41,42
8,41,47
8,45,64
8,48,60
10,12,16
10,12,23
10,12,41
10,12,45
10,12,59
10,13,73
10,14,41
10,14,68
10,16,48
10,19,23
10,19,28
10,19,31
10,19,34
10,19,41
10,19,45
10,19,57
10,19,59
10,19,64
10,22,44
10,23,27
10,23,38
10,23,41
10,23,45
10,23,48
10,23,57
10,26,36
10,26,48
10,26,68
10,27,29
10,27,41
10,27,42
10,27,45
10,27,61
10,27,64
10,28,41
10,28,45
10,28,64
10,28,73
10,29,45
10,31,45
10,33,42
10,36,68
10,36,73
10,38,45
10,38,48
10,39,45
10,39,48
10,39,64
10,40,44
10,40,62
10,41,44
10,41,59
10,41,64
10,41,73
10,43,45
10,44,64
10,45,48
10,45,60
10,45,62
10,45,64
10,48,64
11,15,64
12,13,14
12,13,15
12,13,16
12,13,68
12,14,16
12,14,19
12,14,33
12,14,36
12,14,38
12,14,48
12,14,59
12,14,65
12,14,68
12,14,73
12,15,23
12,15,68
12,16,23
12,16,35
12,16,36
12,16,54
12,16,68
12,16,73
12,19,29
12,19,41
12,19,57
12,19,59
12,23,33
12,23,36
12,23,38
12,23,43
12,23,57
12,23,62
12,23,68
12,33,36
12,33,68
12,33,73
12,35,36
12,35,44
12,36,38
12,36,40
12,36,46
12,36,48
12,36,65
12,36,67
12,36,68
12,38,57
12,38,61
12,38,68
12,40,57
12,41,59
12,44,59
12,44,64
12,56,67
12,68,73
13,14,36
13,14,68
13,14,73
13,16,36
13,16,38
13,16,46
13,16,56
13,16,60
13,16,68
13,19,29
13,19,38
13,28,73
13,29,38
13,36,68
13,36,73
13,65,73
13,68,73
14,15,36
14,15,38
14,16,23
14,16,33
14,16,35
14,16,36
14,16,46
14,16,73
14,19,38
14,19,57
14,19,59
14,19,67
14,21,23
14,22,40
14,22,44
14,23,29
14,23,36
14,23,40
14,23,44
14,27,29
14,27,32
14,27,44
14,27,68
14,27,73
14,28,33
14,32,73
14,33,36
14,33,65
14,33,68
14,33,73
14,34,68
14,36,38
14,36,45
14,36,68
14,36,73
14,38,41
14,38,48
14,38,57
14,38,68
14,40,44
14,42,59
14,44,59
14,65,73
14,68,73
15,16,68
15,36,46
16,19,29
16,19,38
16,23,68
16,26,36
16,27,45
16,29,38
16,35,36
16,36,38
16,36,45
16,36,56
16,36,68
16,36,73
16,38,39
16,38,45
16,38,53
16,38,60
16,38,73
16,45,60
16,68,73
18,19,59
18,33,38
19,20,57
19,20,59
19,23,38
19,23,40
19,23,57
19,25,27
19,26,57
19,26,59
19,27,29
19,27,38
19,27,39
19,27,45
19,28,29
19,28,45
19,28,57
19,28,59
19,29,31
19,29,32
19,29,38
19,29,45
19,29,48
19,29,59
19,29,62
19,29,63
19,30,38
19,31,33
19,31,36
19,31,57
19,31,59
19,32,38
19,32,57
19,32,59
19,33,36
19,33,59
19,34,57
19,34,59
19,36,38
19,38,40
19,38,45
19,38,57
19,38,64
19,38,67
19,38,68
19,39,45
19,40,45
19,40,48
19,40,53
19,40,57
19,41,42
19,41,57
19,41,59
19,42,59
19,43,57
19,44,57
19,44,59
19,45,48
19,45,64
19,48,64
19,56,67
19,57,64
19,57,67
19,59,64
19,59,65
19,59,67
19,65,73
20,29,42
20,65,68
20,65,73
22,23,56
22,24,69
22,40,44
22,40,45
22,40,48
22,42,49
22,45,48
23,25,48
23,27,44
23,27,45
23,27,64
23,29,38
23,38,45
23,38,48
23,38,57
23,38,60
23,38,64
23,40,57
23,41,47
23,45,48
23,46,73
23,47,59
23,48,60
24,26,69
24,28,69
24,34,69
24,57,69
25,27,45
25,29,38
25,31,42
25,36,44
25,38,47
25,39,42
25,42,43
25,42,44
25,44,62
26,27,57
26,36,68
26,68,73
27,28,62
27,29,62
27,32,59
27,32,73
27,34,57
27,36,45
27,38,45
27,39,57
27,43,45
27,44,68
27,45,48
27,45,61
28,29,45
28,33,45
28,33,73
28,38,45
28,42,43
28,45,64
28,70,71
29,38,45
29,38,48
29,42,45
29,45,48
31,33,36
31,41,64
32,36,48
32,40,45
32,40,48
32,42,43
32,51,71
33,34,65
33,36,68
33,38,45
33,65,68
33,65,73
33,68,73
34,59,65
36,38,45
36,38,68
36,57,64
36,68,73
38,40,44
38,40,45
38,40,57
38,41,47
38,41,68
38,45,55
38,45,56
38,45,60
38,45,64
38,57,68
39,41,42
39,42,43
39,44,45
40,43,57
40,45,48
41,42,44
41,42,51
41,42,52
41,42,60
42,43,44
42,43,45
42,43,55
42,43,62
42,44,55
45,48,64
48,68,73
56,59,67
62,70,71
63,70,71
65,68,73
65,73,74
1,6,10,41
1,6,10,42
1,6,10,45
1,6,19,29
1,6,20,31
1,6,20,42
1,6,23,45
1,8,10,19
1,8,10,41
1,8,10,44
1,8,10,45
1,8,10,64
1,8,19,45
1,10,18,59
1,10,19,64
1,10,23,45
1,10,27,41
1,10,31,57
1,10,38,45
1,10,40,41
1,10,40,45
1,10,40,59
1,10,41,64
1,10,45,64
1,12,38,45
1,19,27,45
1,19,42,59
1,27,38,45
1,28,29,45
1,28,38,45
1,38,45,48
6,10,38,45
6,10,41,42
6,12,14,42
6,12,14,59
6,14,19,59
6,28,42,43
6,39,42,43
6,42,44,59
8,12,14,48
8,19,38,45
8,23,41,47
8,36,38,45
10,19,23,57
10,23,38,45
12,14,16,36
12,14,33,68
12,14,44,59
12,19,59,67
14,22,40,44
16,27,36,38
16,27,36,45
16,38,45,60
19,27,28,45
19,31,33,36
19,56,59,67
23,38,45,48
29,38,45,48
1,10,19,36,45
1,23,27,45,64
