879,880
283,339,782
327,389,413
43,66,620,830
45,154,620,830
45,201,830,895
45,274,630,830
45,314,630,782
45,314,661,782
201,306,782,830
280,283,782,986
280,283,782,1021
283,303,632,935
339,632,697,830
45,54,243,630,882
45,54,243,630,952
45,54,630,952,1034
45,54,652,733,882
45,54,923,1034,1048
45,274,632,697,830
54,130,652,721,733
130,250,266,761,799
130,250,652,721,733
130,250,652,721,761
148,152,255,626,714
148,152,255,714,796
148,255,760,789,793
148,255,760,790,791
148,255,760,791,793
152,255,626,695,714
152,255,626,695,910
252,253,254,790,791
253,255,760,790,791
280,303,406,1021,1067
280,303,944,1021,1067
280,303,978,986,1067
303,342,1021,1067,1072
303,344,361,1021,1034
303,528,986,1067,1148
45,54,243,630,952,1034
45,54,630,923,1034,1048
152,255,695,910,923,977
168,243,393,626,734,990
283,303,344,361,782,1034
280,303,986,1067,1093,1094,1244
303,528,617,986,1067,1166,1243
280,617,1033,1067,1166,1243,1244,1246
45,201,306,630,758,760,782,830,895
45,274,314,632,697,758,782,830,935
54,62,207,215,652,696,721,759,818
116,125,148,335,677,762,875,896,923
116,542,568,579,958,1064,1112,1246,1254
280,283,303,632,758,782,830,935,986
280,303,342,344,361,389,1021,1034,1067
280,303,342,987,1021,1067,1072,1122,1148
280,303,528,986,987,1067,1072,1122,1148
283,303,339,632,697,758,782,830,935
17,116,125,148,632,677,840,861,903,923
35,110,141,148,184,200,677,709,721,767
41,66,133,274,280,626,675,698,708,759
41,66,133,274,280,634,670,675,698,708
45,274,314,630,631,697,758,760,782,830
49,120,170,284,343,708,825,925,954,981
54,150,161,206,218,662,715,754,786,789
116,125,148,335,677,708,762,875,923,941
116,126,148,200,631,677,750,796,819,861
116,126,279,297,304,335,896,910,1004,1020
116,126,279,304,677,875,896,910,923,998
116,126,279,304,910,1004,1020,1107,1120,1121
116,279,304,542,910,1020,1064,1107,1121,1125
280,283,303,342,344,361,389,782,1021,1034
280,303,528,986,1067,1072,1148,1166,1243,1246
339,344,395,449,544,1023,1029,1127,1145,1182
344,395,449,490,544,1011,1029,1127,1145,1182
49,120,133,170,284,343,675,825,868,915,925
116,542,568,579,910,958,1064,1112,1121,1125,1226
120,169,170,284,327,343,825,972,985,994,1026
395,449,452,488,544,602,1023,1065,1127,1145,1182
35,110,116,126,148,200,631,677,750,781,819,861
43,45,66,154,201,620,630,751,760,762,782,830
70,148,149,150,151,152,153,154,677,716,717,718
116,126,273,279,304,335,677,875,896,910,923,998
279,300,369,395,531,1028,1041,1043,1083,1127,1134,1182
280,379,381,430,451,972,985,994,1011,1026,1029,1067
280,395,426,445,447,460,490,972,1011,1026,1029,1067
35,77,151,180,200,201,621,627,762,783,785,787,792
41,66,133,170,280,343,675,759,825,868,911,915,925
132,137,142,149,215,217,249,250,251,783,784,785,786
132,215,249,251,696,697,751,772,783,784,785,786,874
137,209,331,375,411,430,443,451,454,751,785,825,900
137,209,331,411,751,785,825,900,941,955,981,983,987
137,209,331,488,588,589,900,981,1004,1010,1115,1123,1189
137,209,331,488,785,900,983,1010,1123,1148,1149,1161,1162
137,209,331,488,900,981,983,1004,1010,1123,1148,1162,1203
137,209,331,488,900,981,1004,1123,1175,1189,1212,1249,1268
137,215,249,251,696,697,751,772,783,785,786,825,841
137,215,249,251,696,697,751,785,786,825,841,900,935
54,58,110,150,161,206,218,662,672,715,754,786,788,789
137,209,215,331,696,697,751,785,786,825,841,900,935,941
13,26,54,76,166,209,647,687,703,774,786,808,845,892,909
19,179,275,339,368,404,413,457,458,764,843,916,967,986,1002
19,179,275,339,400,404,413,441,457,764,843,955,967,986,1002
137,209,215,249,251,331,696,697,751,785,786,825,841,900,935
26,40,42,52,54,73,97,644,647,687,703,774,775,786,845,892
137,209,331,375,411,430,437,443,451,454,475,488,751,785,900,1010
40,42,48,52,54,97,186,203,225,625,644,647,670,674,687,703,775,786
2,45,131,140,156,180,190,201,215,216,217,218,620,628,630,646,760,761,762
5,40,42,48,52,54,84,165,186,203,225,240,625,644,647,670,674,689,765
118,334,340,362,369,379,386,402,704,819,838,841,951,977,1011,1028,1040,1060,1098
66,118,334,340,362,369,386,483,503,704,819,838,951,957,977,1011,1028,1040,1060,1098,1134
97,209,227,240,293,295,317,345,386,641,678,683,725,747,808,819,824,909,946,957,996
14,97,209,227,240,293,295,345,386,641,678,689,725,747,774,778,786,808,819,851,882,892,946
118,440,441,483,496,503,530,547,556,704,748,838,951,977,984,1011,1028,1060,1098,1134,1172,1178,1247
122,449,493,553,568,593,594,603,608,974,1052,1137,1213,1220,1223,1224,1252,1258,1259,1260,1276,1283,1289
209,227,240,293,295,317,334,340,345,362,369,386,438,641,683,725,747,819,824,909,957,963,996
209,227,295,300,317,334,340,345,362,369,386,402,438,704,725,747,819,841,882,951,957,985,1011
417,491,524,534,543,554,563,564,584,614,1045,1051,1059,1178,1207,1234,1252,1262,1263,1267,1270,1284,1285
440,441,483,496,503,530,537,556,704,748,838,977,984,1011,1060,1082,1127,1134,1172,1178,1218,1241,1247
13,14,26,54,76,97,166,209,240,293,295,641,678,689,703,725,774,786,807,808,845,851,892,911
26,71,78,107,123,125,151,156,161,197,204,209,213,225,232,643,677,690,720,742,745,768,773,774
214,417,458,492,524,543,554,560,563,584,951,1038,1045,1051,1059,1084,1154,1177,1178,1207,1209,1238,1252,1257
122,449,461,493,507,518,524,547,552,553,555,940,974,1052,1059,1080,1084,1112,1120,1125,1137,1158,1165,1180,1201
122,449,493,518,552,555,568,573,574,587,590,974,1052,1084,1087,1125,1137,1180,1207,1213,1220,1223,1231,1241,1252,1253
214,245,295,395,396,401,409,417,420,450,458,514,735,951,1038,1045,1051,1076,1084,1099,1119,1138,1142,1152,1153,1154
214,396,417,492,502,524,543,554,560,563,565,951,1038,1045,1051,1059,1084,1099,1119,1152,1153,1154,1176,1177,1178,1204
122,341,396,405,412,414,428,446,449,453,461,462,463,465,474,498,502,685,940,948,974,1028,1030,1047,1049,1052,1053,1059,1072
122,446,449,453,461,473,484,493,504,506,512,513,517,685,940,974,1059,1080,1086,1090,1102,1120,1125,1128,1137,1146,1156,1157,1158
27,281,362,512,517,529,555,583,584,614,615,616,704,708,973,1026,1128,1140,1141,1193,1219,1239,1240,1241,1245,1265,1275,1276,1283,1284,1285
83,118,173,214,245,295,297,307,353,357,380,396,400,641,680,693,730,735,745,852,881,943,951,960,969,977,982,984,993,996,1020
214,245,297,302,396,413,416,417,420,455,457,458,462,474,478,499,500,502,680,735,852,881,951,960,969,984,1038,1045,1048,1049,1051
14,26,83,108,118,214,243,245,278,284,295,297,302,308,641,665,666,667,680,701,730,731,735,744,781,801,808,827,881,887,893,911
14,83,118,214,245,284,295,297,302,308,335,353,355,357,641,665,666,670,680,693,701,726,730,735,744,781,801,808,827,881,892,917
27,281,304,362,410,512,517,529,555,583,584,585,704,708,973,986,1026,1101,1128,1140,1141,1145,1188,1193,1219,1239,1240,1241,1242,1243,1244,1245
83,118,173,214,245,295,297,302,307,353,357,361,380,385,396,641,680,693,730,735,744,781,881,892,943,951,960,969,982,992,993,996,1006
122,175,283,326,351,353,373,383,392,395,396,401,405,407,412,685,750,839,860,940,948,962,968,974,976,982,998,1012,1018,1027,1028,1030,1031
214,245,284,297,302,357,396,400,413,416,417,420,442,448,455,457,458,680,693,735,745,852,881,951,960,969,984,993,1038,1039,1045,1048,1049
27,40,59,97,151,179,229,280,281,290,304,330,351,362,382,671,697,704,706,708,709,768,848,863,892,943,973,995,1005,1021,1025,1026,1029,1032
27,97,151,229,280,281,304,330,397,403,404,449,456,459,464,473,479,483,492,501,502,704,708,848,973,986,1021,1026,1029,1050,1066,1073,1074,1075
5,71,93,105,106,125,133,135,165,168,169,182,188,195,210,211,219,220,221,222,223,634,637,687,708,712,727,743,747,754,763,764,765,766,767
14,24,26,69,83,90,92,108,111,118,214,237,243,245,278,284,641,665,666,680,701,730,731,735,744,776,781,805,826,827,830,832,835,837,867
14,83,118,214,245,284,295,297,302,308,335,353,355,357,361,371,641,665,666,680,693,726,730,735,744,781,827,881,892,917,943,944,951,960,969
27,281,304,410,449,507,512,517,518,529,532,546,554,555,556,704,708,973,986,1026,1050,1071,1101,1128,1140,1141,1145,1167,1172,1182,1186,1188,1193,1196,1197
122,154,283,342,360,392,396,397,405,407,410,412,414,424,428,445,446,449,450,453,685,860,940,948,968,974,976,1012,1028,1030,1042,1043,1044,1047,1049
8,12,24,26,69,83,90,92,108,111,118,187,189,198,210,214,222,234,237,243,245,639,641,665,666,680,690,697,701,704,730,735,744,745,776,781
61,71,105,106,111,125,133,135,165,168,169,188,211,223,280,281,634,637,680,687,708,712,713,727,743,747,754,764,765,766,803,829,832,836,860,867
27,40,59,97,151,179,229,280,281,290,304,330,351,362,397,403,437,449,456,704,706,708,848,863,973,986,993,1002,1021,1025,1026,1029,1032,1034,1044,1045,1050
27,97,281,304,326,351,397,410,441,449,459,506,507,512,515,517,518,704,708,973,986,1021,1026,1045,1050,1097,1103,1124,1140,1141,1145,1146,1147,1151,1159,1160,1164
95,111,125,133,169,188,211,223,280,281,323,327,347,350,369,395,634,701,708,743,747,764,766,802,860,886,913,927,938,950,954,962,964,974,989,1001,1002
281,313,340,406,410,447,520,523,539,574,582,601,604,606,981,999,1017,1069,1095,1118,1122,1123,1138,1197,1198,1205,1223,1226,1227,1228,1261,1263,1266,1269,1270,1271,1272
76,122,283,303,315,316,326,330,332,340,341,342,343,351,352,353,354,356,357,625,675,684,685,750,813,838,839,849,860,875,885,894,899,903,912,924,928,931
169,315,361,392,426,487,488,491,510,511,539,541,543,559,568,580,862,949,985,1010,1051,1053,1057,1068,1098,1122,1124,1128,1175,1179,1206,1218,1222,1223,1226,1229,1230,1231
25,85,139,140,148,150,152,153,154,168,216,218,255,258,260,262,626,629,695,714,715,759,760,762,767,778,789,790,791,793,795,796,826,827,871,875,876,914,915
25,85,139,148,150,152,153,154,168,216,218,255,258,260,262,273,626,629,639,695,714,759,760,762,767,772,778,789,790,791,793,795,796,806,826,827,875,914,915
51,273,275,330,365,367,385,393,406,407,408,430,447,453,489,509,510,771,917,923,948,981,991,1017,1020,1069,1071,1076,1084,1091,1104,1116,1117,1118,1119,1120,1121,1122,1123
95,105,106,111,121,125,133,169,188,211,223,280,281,323,324,327,634,637,680,687,708,712,743,747,754,764,765,766,803,829,832,846,860,886,894,907,911,912,913
95,106,111,125,133,169,188,211,223,280,281,323,324,327,347,350,634,637,680,687,701,708,743,747,764,765,766,803,821,832,846,860,886,894,907,911,912,913,933
118,211,223,280,281,424,452,490,493,495,509,513,517,520,534,539,634,708,764,950,963,974,988,1027,1030,1043,1071,1127,1137,1140,1144,1147,1189,1190,1230,1237,1245,1248,1249
139,140,141,148,150,152,153,154,216,218,252,253,254,255,256,257,258,259,260,261,262,263,264,265,626,714,715,760,788,789,790,791,792,793,794,795,796,797,798
139,140,148,150,152,153,216,218,253,255,256,257,258,259,260,262,626,629,695,714,715,755,759,760,762,767,778,789,790,791,793,795,796,797,871,875,876,877,878
148,150,152,153,168,255,260,273,275,318,330,334,339,349,357,626,695,714,910,923,958,977,997,1007,1016,1017,1023,1032,1033,1041,1042,1049,1062,1063,1064,1072,1118,1149,1163
150,152,153,168,255,260,273,275,318,326,330,334,339,349,395,408,626,695,910,923,958,977,997,1007,1017,1023,1032,1033,1041,1049,1062,1064,1072,1100,1104,1118,1130,1149,1205
247,280,412,437,439,458,489,505,510,535,543,549,564,586,599,612,638,708,717,1061,1088,1103,1162,1174,1195,1202,1209,1220,1227,1244,1246,1254,1255,1259,1262,1267,1284,1287,1289
73,76,103,109,122,238,267,271,283,285,286,287,299,303,311,315,316,326,328,330,625,675,684,685,750,822,838,839,848,849,860,870,875,879,880,890,898,899,902,903
95,111,118,125,133,169,188,211,223,280,281,309,323,327,350,369,389,395,406,424,434,443,452,634,708,747,764,766,860,913,938,950,962,963,974,988,989,1021,1030,1043
116,136,151,191,279,317,320,326,363,371,438,441,447,450,451,486,496,745,758,961,963,984,1019,1022,1043,1071,1085,1116,1117,1121,1124,1127,1129,1130,1142,1143,1144,1145,1146,1147
150,313,330,385,393,407,430,447,523,541,571,574,575,576,577,578,981,991,999,1002,1017,1049,1069,1072,1076,1089,1095,1118,1122,1123,1180,1197,1205,1211,1223,1224,1225,1226,1227,1228
21,25,85,139,148,150,152,153,154,168,216,218,255,258,260,262,273,626,629,639,695,714,759,760,762,767,772,778,789,791,793,795,796,806,826,827,875,910,914,915,923
21,85,148,150,152,153,154,168,216,218,255,258,260,262,273,312,343,626,629,639,695,714,759,760,762,767,772,778,789,791,793,795,796,806,826,827,875,910,915,923,952
21,85,148,150,152,153,168,255,260,262,273,275,318,330,334,339,343,349,357,382,387,389,393,408,626,639,695,697,714,767,796,826,875,910,915,923,935,952,958,977,1000
21,85,148,150,152,153,168,255,260,273,275,290,318,326,330,334,339,349,357,382,389,393,395,408,410,447,626,695,697,714,910,923,952,958,977,993,1007,1016,1032,1041,1042
23,62,77,90,136,154,260,296,318,319,325,341,356,373,389,397,408,629,748,759,812,879,900,915,917,923,941,944,972,975,982,990,991,994,998,999,1011,1019,1020,1021,1022
95,106,111,125,133,169,188,211,223,280,281,323,324,327,347,350,369,634,701,708,743,747,764,765,766,802,803,821,832,846,860,886,911,913,927,938,950,954,962,963,964
95,111,125,133,169,188,211,223,280,281,300,323,327,350,369,393,395,406,634,701,708,712,743,747,764,766,802,860,886,913,927,938,950,962,963,964,974,988,989,1021,1030
111,125,133,169,211,223,280,281,395,406,424,452,488,490,493,495,496,634,708,747,764,766,938,950,963,974,988,1021,1027,1030,1043,1071,1100,1127,1129,1137,1140,1149,1150,1151,1152
122,283,303,315,316,326,330,332,341,342,343,351,352,353,354,356,357,358,359,362,372,625,675,685,750,838,839,860,875,885,928,931,938,940,947,948,953,955,956,963,968
143,147,247,280,348,388,412,429,444,458,460,487,489,501,503,510,511,515,516,638,685,708,717,764,925,948,979,1003,1026,1050,1088,1097,1101,1103,1126,1150,1151,1154,1155,1157,1159
150,152,153,168,255,260,273,318,326,330,334,339,349,395,592,695,910,923,958,977,1007,1017,1023,1032,1033,1041,1049,1062,1064,1072,1092,1104,1118,1130,1145,1149,1180,1191,1198,1205,1232
21,85,148,150,152,153,154,168,218,255,260,262,273,334,339,343,387,626,629,639,695,697,714,759,760,767,789,793,796,806,826,827,875,910,915,923,935,952,954,975,977,1006
51,62,77,90,136,164,168,169,273,275,286,290,296,299,307,325,331,341,356,394,407,408,431,443,917,923,958,972,978,990,991,994,998,999,1000,1011,1019,1020,1021,1022,1033,1043
107,116,136,151,177,191,202,279,317,320,326,363,367,370,371,393,410,433,438,441,444,447,450,451,683,706,745,758,770,848,852,863,913,961,963,984,1010,1019,1023,1028,1043,1046
108,247,280,412,460,482,485,510,511,533,534,535,543,549,556,559,562,563,564,638,708,717,764,837,979,1003,1026,1050,1054,1061,1088,1101,1103,1112,1126,1155,1165,1172,1174,1195,1199,1202
116,136,151,279,317,363,371,441,451,486,496,523,531,536,541,546,558,561,562,758,770,825,963,984,1019,1043,1054,1071,1085,1117,1121,1123,1124,1127,1143,1145,1147,1189,1190,1192,1201,1202
122,175,283,303,326,330,342,351,352,353,359,362,373,374,377,381,383,385,388,391,395,396,625,685,750,839,860,928,931,940,947,948,955,968,974,975,976,982,988,997,998,1006
131,147,157,162,164,169,315,316,317,320,345,348,361,392,394,427,445,446,487,634,720,726,925,949,961,985,1010,1051,1053,1057,1083,1085,1092,1098,1122,1124,1125,1126,1127,1128,1129,1130
152,153,168,260,273,318,326,330,334,339,349,395,410,493,503,520,592,695,910,958,977,1017,1023,1032,1033,1041,1049,1062,1064,1092,1112,1118,1130,1145,1149,1177,1180,1191,1198,1205,1230,1231
169,361,392,425,426,487,488,491,510,511,543,568,571,580,598,607,608,949,1010,1051,1053,1057,1068,1122,1124,1128,1175,1179,1206,1218,1222,1223,1226,1230,1269,1271,1272,1273,1274,1275,1276,1277
247,280,412,437,439,460,482,489,510,511,535,543,549,556,559,564,586,638,708,717,764,979,1026,1061,1088,1101,1103,1138,1174,1195,1202,1209,1211,1212,1220,1227,1228,1244,1246,1254,1255,1256
51,62,77,90,164,168,169,273,275,286,290,299,331,341,360,362,367,394,398,407,408,431,447,461,486,889,917,923,977,978,990,991,999,1011,1019,1020,1021,1022,1036,1043,1054,1066,1067
111,118,125,133,169,188,211,223,280,281,309,323,327,342,347,350,369,395,406,424,452,485,488,490,493,495,496,634,708,747,764,766,950,963,974,988,1021,1027,1030,1043,1060,1067,1071
118,125,169,211,223,280,281,424,452,490,493,495,496,509,513,517,520,539,557,634,701,708,764,766,950,963,974,988,1027,1030,1043,1071,1127,1137,1140,1144,1147,1152,1186,1189,1190,1191,1198
16,17,27,53,63,77,150,179,216,237,270,272,307,311,314,333,345,346,347,629,640,668,698,706,710,711,714,725,778,807,819,820,844,845,865,872,879,902,903,920,923,927,928,929
24,29,96,127,131,145,147,155,156,157,158,159,160,161,162,163,164,165,166,167,168,169,170,171,172,173,174,175,622,628,630,678,688,703,710,718,719,720,721,722,723,724,725,726
30,135,136,176,177,178,179,180,181,182,183,184,185,186,187,188,189,190,191,192,193,194,195,196,197,198,199,705,716,727,728,729,730,731,732,733,734,735,736,737,738,739,740,741
51,107,116,136,151,191,269,279,317,320,326,363,370,371,393,397,433,438,439,441,451,480,486,493,496,683,745,758,770,848,852,961,963,964,984,1010,1012,1019,1028,1043,1052,1071,1072,1073
62,63,77,90,136,153,169,260,307,318,319,325,334,341,347,356,382,387,389,391,629,706,759,812,819,825,865,879,915,928,930,933,941,944,947,960,972,988,990,991,993,994,998,999
107,116,129,151,160,177,191,202,279,317,320,326,363,370,371,386,393,395,410,683,706,745,748,758,770,848,852,863,865,868,913,961,963,984,986,993,995,1000,1010,1013,1019,1023,1028,1029
116,136,151,279,363,371,451,486,523,531,558,562,567,576,580,582,583,587,758,770,963,984,1043,1054,1071,1085,1120,1121,1124,1127,1143,1147,1190,1192,1202,1222,1224,1226,1227,1241,1242,1243,1249,1251
118,211,223,280,281,424,452,493,495,513,517,539,553,556,576,606,617,618,634,708,764,963,974,988,1027,1030,1043,1071,1083,1127,1137,1140,1144,1147,1189,1190,1230,1245,1249,1266,1277,1285,1286,1287
142,143,147,247,324,335,348,356,366,378,379,388,409,412,429,436,455,460,463,477,481,482,484,487,489,498,501,638,685,708,712,717,764,782,852,925,948,979,999,1003,1026,1033,1050,1074
150,273,275,313,330,385,393,406,407,408,430,447,461,513,523,536,537,538,539,540,541,771,923,981,991,1002,1017,1020,1069,1089,1091,1096,1097,1107,1109,1117,1118,1119,1122,1123,1177,1179,1180,1181
157,164,169,315,316,317,345,361,392,394,426,427,447,487,488,491,510,511,541,543,720,726,862,949,985,1010,1017,1023,1051,1053,1057,1068,1083,1085,1098,1103,1122,1124,1126,1127,1128,1167,1175,1179
352,363,383,392,399,431,491,505,538,551,572,585,586,596,597,600,602,616,619,768,983,1005,1030,1038,1039,1053,1069,1080,1143,1144,1153,1162,1168,1176,1208,1228,1250,1251,1252,1254,1268,1270,1286,1288
3,13,14,25,77,94,102,109,116,119,121,129,147,160,162,170,177,181,182,191,195,199,202,211,212,213,214,638,672,676,683,692,694,696,706,709,733,748,753,754,755,756,757,758,759
4,6,21,41,49,53,77,86,106,113,130,131,132,133,134,135,136,137,138,139,140,141,142,143,144,145,146,147,627,640,653,662,668,699,705,706,707,708,709,710,711,712,713,714,715
6,21,27,41,49,65,67,86,113,120,137,138,139,143,144,145,147,152,272,273,627,629,640,653,662,668,699,706,708,710,711,712,713,714,715,724,725,787,800,816,841,842,843,844,845
9,14,15,20,28,29,83,88,96,104,112,121,126,133,145,157,158,171,172,174,175,178,179,186,193,201,228,229,230,231,624,627,632,635,636,655,670,675,693,694,747,768,770,771,772
16,17,21,24,27,49,53,77,120,137,143,145,147,150,218,270,272,273,309,311,314,629,640,662,668,706,708,710,711,712,714,715,724,725,816,817,820,831,843,844,845,865,895,902,903
23,78,105,117,118,123,128,133,144,159,161,162,164,167,175,197,200,201,202,203,204,205,206,207,208,209,210,686,689,691,707,717,718,719,742,743,744,745,746,747,748,749,750,751,752
29,131,145,147,156,157,159,160,161,162,164,165,166,167,168,169,170,171,265,274,275,622,628,678,684,688,695,698,703,718,719,720,722,725,726,740,746,776,809,810,846,847,848,849,850
142,143,147,247,280,281,307,309,341,348,354,356,365,366,378,388,398,399,403,409,412,638,671,685,708,712,717,769,771,774,782,865,925,936,948,950,972,979,989,999,1003,1008,1026,1031,1032
167,309,310,410,432,482,486,495,509,512,513,530,532,549,550,551,552,562,582,717,744,748,752,862,949,963,1026,1027,1085,1091,1103,1137,1140,1141,1170,1176,1188,1190,1192,1193,1195,1210,1237,1238,1239
11,16,18,27,33,73,76,82,84,89,95,103,109,110,111,120,122,124,127,173,184,199,211,220,238,242,246,625,626,635,675,676,681,684,693,695,698,702,746,750,756,759,767,772,778,779
14,331,376,399,417,487,502,519,520,523,524,525,527,529,566,567,568,569,570,634,638,973,974,979,1011,1053,1077,1078,1082,1085,1087,1089,1153,1154,1166,1168,1170,1177,1206,1207,1208,1209,1210,1211,1212,1213
14,331,376,399,417,487,519,523,524,525,527,529,567,568,593,594,595,596,597,598,634,638,973,974,1011,1053,1077,1078,1082,1085,1089,1153,1166,1168,1170,1206,1207,1208,1209,1213,1258,1259,1260,1261,1262,1263
16,27,53,63,77,150,179,216,237,270,307,314,316,341,344,345,346,347,365,366,629,632,698,725,759,778,808,819,820,825,845,865,872,879,895,902,914,920,928,929,941,944,945,947,959,960
116,136,151,279,363,371,444,451,486,558,562,567,576,580,582,583,587,607,615,617,619,770,963,1010,1043,1071,1085,1121,1127,1129,1143,1147,1190,1192,1197,1202,1222,1224,1226,1227,1241,1243,1251,1258,1274,1288
133,162,167,175,204,309,310,375,379,408,409,410,432,438,486,495,509,511,512,513,514,717,744,745,747,748,750,752,896,938,949,1012,1013,1022,1026,1027,1045,1086,1100,1130,1137,1138,1139,1140,1141,1142
325,352,363,383,392,399,431,488,490,491,538,551,558,560,572,573,575,585,586,768,983,1030,1038,1039,1053,1054,1058,1069,1141,1143,1144,1153,1154,1168,1175,1176,1212,1217,1221,1225,1228,1250,1251,1252,1253,1254
13,107,116,129,134,145,151,160,177,191,202,274,279,294,296,298,317,319,320,326,340,632,683,706,709,710,742,745,748,757,758,773,801,821,832,848,849,861,863,868,911,916,918,923,925,926,933
131,145,147,156,157,159,160,162,164,166,169,171,274,275,304,315,316,317,318,319,320,628,684,688,695,698,703,718,719,720,722,725,726,734,740,810,817,820,821,846,848,849,850,884,896,904,905
167,309,310,432,486,492,495,509,512,513,530,532,549,550,553,562,576,582,585,605,608,717,744,748,752,764,949,963,1026,1027,1103,1135,1137,1140,1141,1170,1176,1187,1190,1192,1193,1238,1239,1273,1275,1282,1283
2,18,23,63,123,133,144,159,162,164,167,175,197,200,201,202,203,204,207,209,242,262,277,686,689,691,704,717,718,719,742,743,744,745,746,747,748,750,752,779,795,809,835,840,842,860,861,862
14,21,22,27,288,290,293,336,360,373,375,376,377,378,379,380,381,397,398,399,400,401,630,634,636,638,641,865,881,886,919,936,937,938,940,972,973,974,976,977,979,1007,1008,1009,1010,1011,1012,1013
14,21,22,288,290,293,329,336,375,376,377,378,397,399,400,401,413,414,415,416,417,418,419,420,421,422,634,638,641,881,919,936,940,972,973,974,976,979,1007,1009,1010,1011,1012,1013,1033,1034,1035,1036
14,22,288,293,331,336,375,376,397,399,417,426,451,461,469,473,475,477,487,491,503,634,638,936,974,979,1011,1012,1013,1053,1060,1076,1077,1078,1079,1080,1081,1082,1083,1084,1085,1086,1087,1088,1089,1090,1091,1092
20,27,30,72,79,80,81,82,87,89,94,100,117,163,165,170,183,190,192,194,196,204,208,209,221,224,225,226,227,633,636,659,661,669,671,673,677,678,679,681,682,703,704,728,751,766,768,769
108,167,175,309,310,410,432,482,486,495,509,512,513,528,530,532,549,550,551,552,553,717,744,748,752,837,862,949,1026,1027,1103,1107,1135,1137,1140,1141,1170,1176,1179,1184,1188,1189,1190,1191,1192,1193,1194,1195
14,21,22,288,293,336,375,376,377,397,399,413,414,417,418,419,422,461,462,463,464,465,466,467,468,469,470,471,472,473,634,638,881,936,940,973,974,979,1010,1011,1012,1013,1033,1036,1051,1052,1053,1054,1055
14,288,331,376,399,417,426,461,473,477,487,519,520,521,522,523,524,525,526,527,528,529,634,638,973,974,979,1011,1053,1077,1078,1079,1080,1081,1082,1083,1085,1087,1089,1091,1092,1153,1154,1165,1166,1167,1168,1169,1170
18,21,23,133,159,162,175,197,201,202,204,207,209,242,309,310,313,314,323,324,327,346,349,683,686,689,704,717,718,719,737,742,743,744,745,747,748,750,752,795,840,844,851,860,861,862,887,910,930
85,133,147,162,167,170,175,204,281,300,309,310,313,323,327,349,357,358,370,376,388,399,409,429,432,434,435,486,494,495,712,717,744,745,747,748,750,752,896,938,949,964,969,994,1012,1022,1026,1027,1045
107,116,129,136,151,160,177,191,202,279,317,320,326,363,367,370,371,386,390,393,395,639,683,706,745,748,758,770,848,858,863,868,913,918,941,946,947,952,958,961,967,970,984,986,992,995,1001,1002,1004
107,116,129,145,151,160,177,191,202,274,279,294,296,298,317,319,320,326,340,363,370,371,639,683,706,710,742,745,748,757,758,770,773,821,832,847,848,863,868,911,913,918,941,946,947,961,964,966,967
107,142,143,147,247,307,324,329,335,348,354,356,358,365,366,379,388,398,409,412,429,436,440,455,458,459,460,638,685,708,712,717,764,771,782,852,925,948,972,979,987,989,999,1003,1026,1032,1033,1036,1050
131,145,147,156,157,159,160,162,164,166,169,171,274,304,315,316,317,318,319,320,345,348,628,630,684,688,695,703,718,719,720,725,726,734,740,782,820,846,848,849,850,858,862,884,896,920,930,931,932
131,147,157,160,162,164,169,315,316,317,318,320,326,345,348,361,367,385,392,393,394,401,630,695,703,712,720,726,782,848,850,925,937,949,958,961,962,976,985,1000,1007,1009,1010,1014,1015,1017,1023,1024,1025
0,1,2,6,7,9,13,14,15,16,17,18,21,22,23,24,25,26,27,28,66,267,620,621,622,625,627,628,630,631,632,634,636,637,638,639,640,641,693,741,771,801,802,803,804,805,806,807,808,809
1,6,13,14,15,16,17,18,21,22,24,26,27,28,267,286,287,288,289,290,291,292,293,624,625,628,630,631,632,634,636,637,638,639,640,641,801,802,803,806,807,808,880,881,882,883,884,885,886,887
1,98,142,166,185,209,236,240,244,247,272,273,280,281,284,285,289,290,305,307,309,313,322,325,329,631,671,685,717,722,732,754,764,771,773,774,782,806,814,847,857,862,863,865,875,883,897,900,910,913
13,14,22,107,116,121,129,134,151,160,177,191,202,274,279,294,296,298,317,319,320,326,639,683,706,709,710,733,742,745,748,754,757,758,759,773,821,831,832,843,848,849,861,863,868,890,898,900,902,910
19,79,88,131,157,175,179,194,228,229,318,351,352,353,354,375,380,383,392,398,399,402,636,677,747,768,769,770,771,822,827,844,848,869,892,904,913,916,930,960,964,976,977,996,1005,1014,1015,1024,1025,1030
19,88,126,131,157,175,179,194,228,229,318,321,325,336,345,351,352,383,392,399,402,413,425,431,444,467,476,490,491,497,747,768,770,825,960,964,968,983,1030,1033,1037,1038,1039,1050,1054,1055,1058,1059,1069,1071
26,28,40,51,53,55,59,61,62,63,65,66,120,126,271,274,313,324,365,367,369,633,644,647,649,651,771,804,811,868,880,889,895,917,939,944,959,964,972,978,981,999,1001,1029,1054,1066,1093,1094,1095,1096
27,40,59,97,106,137,151,164,179,218,229,280,281,282,290,298,304,330,333,342,351,362,382,626,634,644,649,664,667,671,697,704,706,708,709,751,762,764,768,774,785,786,819,843,848,859,892,895,900,924
131,147,157,162,164,169,315,316,317,320,326,345,348,361,392,394,395,425,426,427,428,444,445,446,447,448,449,703,712,720,725,726,782,848,925,949,961,962,983,985,1007,1009,1010,1017,1023,1024,1035,1037,1042,1044
131,147,157,162,164,169,315,316,317,320,345,348,361,392,394,425,426,427,428,445,446,448,449,487,488,489,490,491,492,493,703,720,725,726,782,848,925,949,961,983,985,1010,1017,1037,1051,1053,1055,1057,1068,1069
131,175,179,194,229,345,351,352,383,392,399,402,431,443,444,476,477,489,490,491,497,505,768,770,825,983,1030,1038,1039,1050,1053,1058,1059,1069,1080,1081,1092,1099,1119,1138,1139,1141,1143,1144,1152,1153,1154,1155,1156,1157
9,15,28,29,79,81,88,96,104,126,131,157,171,175,179,183,186,192,194,201,228,229,231,269,627,632,636,670,675,677,681,747,768,769,770,771,801,805,819,822,823,825,827,828,834,843,844,859,869,870,871
15,100,101,102,103,104,105,106,107,108,109,110,111,112,113,114,115,116,117,118,119,120,121,122,123,124,125,126,127,128,129,629,686,687,688,689,690,691,692,693,694,695,696,697,698,699,700,701,702,703,704
16,18,27,64,73,76,95,103,109,110,111,122,124,151,168,184,238,243,246,267,269,270,271,274,275,282,283,285,675,681,684,685,746,750,756,809,820,822,823,828,833,838,839,841,842,848,860,862,868,870,872
18,23,133,159,162,164,175,197,200,201,202,204,207,209,237,242,285,309,314,320,322,323,324,325,683,686,689,704,717,718,719,742,743,744,745,747,748,750,752,779,795,835,840,846,851,860,861,862,881,882,910
26,51,53,55,59,61,62,120,313,367,385,386,397,406,475,496,533,552,558,559,566,649,771,811,889,895,917,959,981,999,1001,1012,1029,1060,1083,1093,1094,1095,1101,1152,1155,1157,1158,1171,1172,1173,1211,1212,1215,1216,1264
94,100,117,119,127,135,142,167,176,177,179,181,183,184,185,186,188,190,191,192,194,197,227,276,709,716,727,728,729,730,731,732,733,734,735,736,737,738,739,740,741,850,851,852,853,854,855,856,857,858,859
131,145,147,157,160,162,164,166,169,272,274,304,315,316,317,318,319,320,345,348,361,367,368,630,634,688,695,703,718,720,725,726,734,740,782,820,846,848,850,884,920,925,930,931,932,937,949,958,959,961,962
131,147,157,160,162,164,304,315,316,317,318,320,326,345,348,361,367,373,385,391,392,393,394,630,695,703,718,720,725,726,734,740,782,848,850,925,931,932,937,949,958,961,962,971,976,981,985,987,1000,1001,1002
133,162,167,175,197,202,204,207,275,300,309,310,313,323,327,346,349,352,357,367,369,370,379,390,640,683,686,689,704,717,718,743,744,745,747,748,752,795,826,860,882,896,903,927,930,938,946,964,970,995,998
142,143,147,185,247,280,281,290,309,329,339,341,348,350,354,356,364,365,366,375,378,388,390,394,638,640,671,685,706,708,717,732,769,771,774,782,814,865,925,936,948,950,954,967,972,979,983,987,989,1003,1004
175,179,194,229,345,352,383,392,399,425,431,490,491,505,536,538,546,551,557,558,559,560,768,825,983,1030,1038,1039,1050,1053,1054,1058,1069,1080,1081,1099,1119,1141,1143,1144,1152,1154,1155,1168,1169,1172,1175,1196,1198,1199,1200
1,6,13,14,15,16,17,18,21,22,26,27,267,286,287,288,289,290,291,293,332,333,334,335,336,625,628,630,631,634,636,637,638,640,641,771,801,802,807,808,865,881,884,885,886,887,891,916,917,918,919,920
1,7,17,65,85,97,98,99,142,166,185,209,212,236,240,244,247,268,272,273,280,281,282,284,285,671,685,717,722,732,754,764,771,773,774,777,782,787,800,806,820,824,837,841,846,847,862,863,865,869,872,873
1,142,143,147,166,185,209,236,244,247,272,280,281,284,289,290,313,329,336,339,341,344,346,348,350,354,356,631,638,640,671,685,708,717,732,764,771,773,774,782,814,828,847,861,865,897,910,913,921,925,927,929
18,23,133,162,167,175,197,202,204,207,209,275,309,310,313,314,323,324,327,346,349,352,357,369,370,640,683,686,689,704,717,718,742,743,744,745,747,748,752,795,851,860,887,896,903,927,930,946,952,963,964,965
133,162,167,175,197,202,204,207,275,300,309,310,313,323,327,349,352,357,367,369,370,375,379,409,683,686,704,717,743,744,745,747,748,752,826,860,896,927,930,938,946,949,963,964,969,994,995,998,1012,1022,1026,1027
142,143,147,185,244,247,272,280,281,284,290,329,336,339,341,344,346,348,350,354,356,364,365,366,638,640,671,685,706,708,717,732,764,769,771,773,774,782,814,847,865,913,925,929,936,938,948,950,953,954,959,967
0,1,2,3,4,5,6,7,8,9,10,11,12,13,14,15,16,17,18,19,20,21,22,23,24,25,26,27,28,29,30,620,621,622,623,624,625,626,627,628,629,630,631,632,633,634,635,636,637,638,639,640,641
6,13,14,15,16,18,22,26,27,267,286,288,290,291,293,318,332,333,334,335,336,355,358,359,360,625,630,634,636,638,640,641,765,807,865,881,883,884,885,886,887,891,917,918,919,920,936,937,938,939,940,941,942
15,19,79,81,88,96,104,131,157,171,175,194,228,229,269,291,300,318,327,345,349,351,352,353,354,632,636,670,675,677,747,768,769,770,771,801,819,822,844,848,859,869,884,892,899,904,910,913,916,917,919,922,930
15,28,79,81,88,96,104,126,131,157,171,175,179,186,194,201,228,229,269,273,291,300,318,327,328,329,624,632,636,670,675,677,741,747,768,769,770,771,801,819,822,843,844,869,870,871,884,892,899,904,906,910,913
23,101,103,104,105,106,107,108,109,110,111,113,116,118,120,121,122,123,124,125,126,129,204,270,271,638,686,687,688,689,691,693,699,701,703,704,752,818,826,827,828,829,830,831,832,833,834,835,836,837,838,839,840
94,100,117,119,123,127,142,161,167,170,173,176,177,179,185,186,188,190,191,194,197,227,282,321,699,709,716,729,730,731,732,733,734,735,736,737,738,740,741,800,850,851,852,853,854,856,857,869,905,906,907,908,909
94,117,119,121,123,127,142,161,167,170,173,176,177,179,185,188,191,194,197,227,282,285,321,325,699,709,716,729,730,732,734,735,737,740,800,803,831,843,850,851,852,853,854,857,858,859,869,882,883,901,907,908,909
19,79,88,126,131,157,175,179,194,228,229,269,318,325,336,345,351,352,354,368,383,392,399,402,413,444,453,677,747,768,769,770,771,913,930,960,964,968,981,983,996,1005,1024,1025,1030,1033,1034,1037,1038,1039,1042,1046,1047,1048
26,28,51,53,55,59,61,62,120,274,313,364,365,367,369,385,386,397,406,475,496,533,558,649,771,811,889,895,917,944,959,981,999,1001,1012,1029,1060,1083,1093,1094,1095,1096,1101,1152,1155,1157,1158,1171,1172,1173,1204,1214,1215,1216
85,133,147,162,167,170,175,202,204,281,300,309,310,313,315,323,327,348,349,370,376,388,395,399,409,429,432,435,712,717,744,745,747,748,750,752,860,882,896,930,938,946,949,964,969,994,998,1012,1022,1024,1026,1027,1039,1045
119,167,170,176,177,179,194,227,284,321,325,340,351,366,381,401,411,430,444,450,451,458,489,497,732,734,853,903,908,916,926,957,987,992,1002,1003,1004,1036,1037,1045,1048,1055,1065,1067,1068,1074,1086,1132,1133,1134,1135,1136,1138,1160
119,167,170,194,227,284,321,325,340,381,411,427,430,444,447,449,451,458,461,489,497,536,581,732,734,853,903,908,916,992,1002,1004,1036,1037,1045,1048,1065,1067,1068,1074,1086,1119,1126,1132,1134,1135,1136,1138,1160,1165,1167,1182,1199,1200
6,14,15,21,22,27,288,290,293,333,334,335,336,354,358,359,360,373,374,375,376,377,378,379,380,381,625,630,634,636,638,640,641,865,881,883,886,918,919,936,937,938,939,940,941,970,971,972,973,974,975,976,977,978,979
13,14,22,25,63,67,77,87,107,116,121,129,134,137,151,160,170,177,181,191,202,213,264,274,278,279,683,706,733,738,742,745,748,753,754,756,757,758,773,780,821,831,833,835,843,845,848,849,861,863,864,865,866,867,868
62,64,69,70,71,73,76,77,79,81,83,85,86,87,88,90,92,95,96,97,98,99,154,268,269,639,641,665,666,667,668,669,670,671,674,675,677,678,680,681,682,683,684,685,726,802,807,818,819,820,821,822,823,824,825
119,167,170,194,227,284,321,340,381,411,427,430,444,449,451,458,461,489,497,534,536,560,575,581,732,734,908,916,992,1002,1004,1035,1036,1037,1045,1048,1065,1067,1068,1074,1119,1126,1132,1135,1136,1138,1160,1165,1167,1182,1199,1200,1242,1248,1257
15,19,22,79,88,96,131,157,175,179,194,228,229,300,318,331,345,351,352,353,354,359,367,368,372,636,670,675,677,747,768,769,770,771,772,819,822,827,844,848,859,869,884,892,904,910,913,916,917,919,922,930,937,939,964,966
15,19,79,88,131,157,175,179,194,228,229,300,302,315,318,336,351,352,353,354,359,367,372,375,380,383,392,636,675,677,747,768,769,770,771,772,822,827,844,848,859,869,892,904,913,916,930,937,939,941,964,977,979,981,983,996,1005
19,94,119,123,142,167,170,173,176,177,179,188,191,194,197,227,284,296,314,321,325,340,342,347,358,368,680,730,732,734,735,737,841,843,844,845,850,853,858,869,882,883,894,901,903,908,909,916,926,956,957,966,967,992,1002,1003,1004
19,97,119,167,170,176,177,179,191,194,227,284,321,325,340,342,347,350,351,358,366,381,401,411,430,444,732,734,735,841,845,852,853,903,908,916,926,957,967,987,992,1002,1004,1036,1037,1048,1055,1065,1067,1068,1074,1131,1132,1133,1134,1135,1136
22,28,68,69,70,71,72,73,74,75,76,77,78,79,80,81,82,83,84,85,86,87,88,89,90,91,92,93,94,95,96,97,98,99,100,641,665,666,667,668,669,670,671,672,673,674,675,676,677,678,679,680,681,682,683,684,685
26,28,51,53,55,59,61,62,63,66,120,274,313,364,365,367,369,385,386,397,406,473,475,496,633,644,649,651,771,804,811,880,889,895,917,944,959,972,978,981,999,1001,1012,1029,1060,1083,1093,1094,1095,1096,1152,1155,1157,1158,1171,1172,1173
1,5,7,17,19,74,75,85,86,91,97,98,99,114,115,119,128,147,166,168,169,185,188,203,212,227,231,235,236,239,240,241,244,247,248,623,640,685,695,697,700,713,717,722,723,732,752,754,755,762,764,771,773,774,777,780,782,787
34,35,36,37,38,39,40,41,42,43,44,45,47,48,49,50,51,52,54,55,56,57,59,60,61,633,635,642,643,644,645,646,647,648,649,650,651,652,653,655,656,657,658,660,661,662,663,664,698,710,810,811,812,813,814,815,816,817
94,97,117,119,121,123,142,161,167,170,173,176,177,179,185,188,191,194,197,227,282,284,285,291,321,325,680,709,730,732,734,735,737,740,800,803,831,843,844,845,850,851,853,854,858,859,863,869,882,883,894,901,903,908,909,916,920,926
19,103,104,106,107,111,116,118,122,125,129,204,270,278,287,301,307,308,309,310,311,312,313,338,340,341,342,343,344,638,686,687,688,689,693,699,701,703,704,750,752,822,828,830,832,839,840,847,879,891,896,897,899,918,923,924,925,926,927,928
31,32,33,34,35,36,37,38,39,40,41,42,43,44,45,46,47,48,49,50,51,52,53,54,55,56,57,58,59,60,61,62,63,64,65,66,67,642,643,644,645,646,647,648,649,650,651,652,653,654,655,656,657,658,659,660,661,662,663,664
94,117,119,123,142,167,170,173,176,177,179,185,188,191,194,197,227,282,284,291,296,314,321,325,340,342,368,680,709,730,732,734,735,737,740,843,844,845,850,851,853,858,859,869,882,883,894,901,903,908,909,916,920,926,956,957,963,966,967,1003
151,214,223,229,247,279,344,352,360,412,432,440,452,460,477,492,502,518,519,525,527,538,550,563,564,591,758,768,770,838,940,968,986,1057,1077,1082,1091,1122,1123,1125,1128,1147,1153,1162,1166,1180,1192,1193,1197,1202,1208,1231,1238,1240,1246,1248,1250,1253,1255,1257
19,94,97,119,123,142,167,170,176,177,179,188,191,194,227,284,296,307,321,325,335,340,342,347,350,358,366,368,381,398,401,411,680,732,733,734,735,737,841,843,844,850,853,858,869,882,883,894,901,903,908,909,916,926,956,957,967,992,1002,1003,1004
19,94,97,119,142,167,170,176,177,179,188,194,227,284,321,325,335,340,342,347,350,351,358,366,381,398,401,411,416,430,438,443,444,450,451,458,680,732,734,735,841,843,844,853,858,882,894,903,908,916,926,957,967,987,992,1002,1003,1004,1036,1048,1070
22,143,151,214,223,228,229,245,247,279,293,344,352,360,394,396,409,412,417,432,445,446,452,453,459,460,720,758,766,768,770,838,929,936,940,955,968,986,1013,1057,1077,1079,1081,1082,1088,1091,1116,1117,1125,1126,1128,1145,1147,1149,1153,1155,1156,1157,1158,1159,1160
23,73,76,77,79,81,83,87,88,95,96,164,269,288,294,295,296,297,298,300,301,302,303,304,305,334,335,339,641,665,666,667,668,669,670,671,675,677,680,682,683,684,685,726,802,807,818,819,820,821,822,846,879,891,892,894,903,909,919,921,922
26,28,35,38,40,49,51,53,55,59,61,62,63,65,66,90,120,126,269,271,274,286,299,302,306,313,324,364,365,367,369,378,379,385,386,400,406,423,633,644,647,649,651,771,804,811,824,868,872,880,889,895,917,939,944,945,959,972,978,981,1001
34,35,36,38,40,41,42,43,44,45,49,51,52,53,54,55,56,57,59,61,62,63,65,66,67,90,240,633,635,642,644,645,646,647,648,649,650,651,652,653,657,658,660,661,662,663,664,678,698,710,804,811,812,813,814,816,817,824,872,888,889
111,116,122,309,310,315,344,363,371,376,403,404,407,434,437,439,483,503,508,528,537,540,542,545,547,548,638,704,752,979,990,991,1005,1019,1028,1052,1061,1076,1079,1080,1088,1105,1106,1107,1110,1112,1115,1120,1129,1179,1181,1183,1185,1186,1187,1210,1232,1233,1234,1235,1236
111,116,122,309,310,344,363,371,376,403,404,407,434,437,439,483,503,528,537,540,542,545,548,609,610,611,612,613,638,704,752,1005,1019,1052,1061,1080,1088,1106,1107,1115,1129,1179,1181,1183,1185,1186,1187,1210,1221,1225,1234,1235,1236,1237,1238,1244,1256,1278,1279,1280,1281
151,223,229,247,279,344,352,360,412,424,432,440,452,477,492,511,519,525,527,538,550,551,555,563,564,580,587,768,770,838,940,968,1057,1077,1082,1122,1123,1128,1147,1153,1162,1166,1168,1192,1193,1195,1197,1202,1207,1208,1228,1240,1246,1250,1255,1261,1269,1271,1272,1274,1282
23,70,73,76,77,79,81,83,87,88,92,95,96,97,98,269,288,294,295,296,297,298,299,300,301,302,303,304,305,639,641,665,666,667,668,669,670,671,675,677,680,682,683,684,685,726,802,807,818,819,820,821,822,829,846,879,890,891,892,893,894,895
151,214,223,228,229,247,279,344,352,360,394,396,412,417,432,440,452,460,477,492,502,518,519,525,527,550,564,720,758,766,768,770,838,929,940,955,968,986,1057,1077,1081,1082,1091,1125,1126,1128,1145,1147,1153,1155,1162,1166,1180,1181,1192,1193,1194,1196,1197,1200,1202,1204
23,73,77,79,83,87,88,95,136,164,288,295,297,300,303,304,305,354,360,361,362,364,377,381,382,383,385,402,641,667,671,675,677,683,685,726,771,802,819,822,838,852,879,892,919,943,946,948,949,950,951,968,973,982,984,985,986,988,1008,1011,1014,1015,1016
106,111,116,118,122,125,204,309,310,315,316,336,344,363,371,376,388,403,404,407,420,434,437,440,483,484,508,638,701,704,750,752,822,896,925,929,955,979,990,991,998,1005,1019,1020,1023,1028,1034,1040,1052,1061,1079,1105,1106,1107,1108,1109,1110,1111,1112,1113,1114,1115,1116
6,73,77,79,83,87,88,95,136,164,288,295,297,298,300,302,303,304,305,335,339,360,361,362,364,377,382,383,384,385,386,641,667,671,675,677,683,685,726,771,802,819,822,838,879,892,909,919,943,946,947,948,949,950,951,973,981,982,983,984,985,986,987,988
23,73,76,77,79,83,87,88,95,96,164,288,294,295,296,297,298,300,301,302,303,304,305,334,335,339,360,361,362,641,665,666,667,670,671,675,677,683,685,726,771,802,807,818,819,820,821,822,846,879,891,892,909,919,922,943,944,945,946,947,948,949,950,951
28,35,38,40,41,42,45,49,51,53,54,55,59,61,62,63,65,66,67,90,120,126,240,243,271,299,306,337,338,633,635,644,645,647,648,649,650,651,652,653,657,658,660,661,662,663,664,678,698,710,804,811,812,813,814,824,872,880,882,888,889,895,902,904
136,300,303,304,360,361,362,383,417,424,426,431,441,477,530,531,532,534,535,554,566,569,570,571,572,573,574,819,822,838,940,949,950,951,968,973,983,984,985,988,1011,1038,1039,1057,1058,1059,1078,1087,1089,1098,1101,1103,1148,1174,1175,1176,1177,1178,1217,1218,1219,1220,1221,1222
26,28,35,38,40,41,45,49,51,53,55,59,61,62,63,65,66,90,120,126,240,243,269,271,274,286,299,306,324,632,633,644,645,647,649,651,653,660,661,662,663,664,678,698,804,808,811,812,814,824,847,872,880,888,889,895,904,917,922,924,933,944,945,959,980
28,35,38,40,41,45,49,51,53,54,55,59,61,62,63,65,66,67,90,120,126,240,243,269,271,274,299,306,324,337,632,633,644,645,647,649,650,651,652,653,658,660,661,662,663,664,678,698,710,804,808,811,812,814,824,872,880,888,889,895,902,904,922,924,933
99,134,138,143,146,151,174,205,206,207,208,212,213,214,222,223,224,225,226,228,229,230,231,232,233,234,235,236,237,238,239,240,241,242,243,244,245,246,247,248,621,631,679,711,720,724,725,726,749,753,756,757,758,762,769,770,774,775,776,777,778,779,780,781,782
111,116,118,122,125,309,310,315,316,344,363,371,376,403,404,407,434,437,439,483,484,503,508,537,540,542,545,546,547,548,638,701,704,752,929,955,979,990,991,1005,1019,1020,1028,1034,1040,1052,1061,1076,1079,1088,1105,1106,1107,1109,1110,1113,1115,1120,1129,1179,1183,1184,1185,1186,1187
136,164,288,295,300,303,304,360,361,362,383,385,386,424,426,427,429,430,431,441,443,469,473,475,476,477,504,505,506,507,685,726,819,822,838,948,949,950,951,961,968,973,984,985,988,1011,1038,1039,1057,1058,1059,1060,1078,1083,1087,1089,1090,1097,1098,1099,1100,1101,1102,1103,1104
136,164,288,300,303,304,360,361,362,383,424,425,426,427,431,440,441,473,477,485,505,507,521,522,530,531,532,533,534,535,726,819,822,838,949,950,951,968,973,983,984,985,988,1011,1038,1039,1057,1058,1059,1078,1083,1087,1089,1092,1097,1098,1099,1101,1103,1148,1174,1175,1176,1177,1178
23,57,101,103,104,105,106,107,108,109,111,116,118,120,121,122,125,126,129,204,270,271,287,301,306,307,308,309,310,311,312,313,638,686,687,688,689,693,699,701,703,704,750,752,806,818,822,828,830,831,832,835,838,839,840,847,868,879,891,893,896,897,898,899,900,901
136,300,303,360,361,362,383,417,425,426,431,441,477,505,530,532,534,535,554,566,571,572,574,595,596,599,600,601,602,603,604,605,819,822,838,940,949,968,973,983,984,988,1011,1038,1039,1057,1059,1078,1085,1089,1103,1174,1175,1176,1178,1209,1213,1218,1219,1220,1222,1260,1265,1266,1267,1268
26,28,35,38,40,41,45,49,51,53,55,59,61,62,63,65,66,90,120,126,240,243,269,271,274,286,299,306,324,632,633,644,645,647,649,651,652,653,660,661,662,663,664,678,698,804,808,811,812,824,847,872,880,888,889,895,904,917,922,924,939,944,945,959,978,980,1001
73,77,79,87,88,95,136,164,279,288,295,297,300,303,304,305,354,360,361,362,377,382,383,402,414,415,418,423,424,425,426,427,428,429,430,431,641,667,677,683,685,726,771,819,822,838,919,946,948,949,950,951,968,973,981,983,984,985,986,987,988,1011,1014,1016,1037,1038,1039
73,77,79,87,88,136,164,288,293,295,297,300,303,304,305,360,361,362,377,383,402,414,418,423,424,425,426,427,428,429,431,464,465,467,469,472,473,474,475,476,477,683,685,726,819,822,838,948,949,950,951,961,968,973,983,984,985,988,1011,1038,1039,1047,1056,1057,1058,1059,1060
26,28,35,38,40,49,51,53,55,59,61,62,63,65,66,90,120,126,240,269,271,274,286,299,302,306,313,324,353,364,365,367,369,379,385,386,406,632,633,644,645,647,649,651,660,662,698,771,804,808,811,812,824,847,872,880,889,895,904,917,939,944,945,959,972,978,980,1001
19,103,106,107,111,116,118,122,125,129,204,270,278,301,307,308,309,310,312,313,315,319,333,340,341,342,343,344,349,355,358,363,364,638,686,688,689,693,701,703,704,706,709,729,737,750,752,822,830,832,839,843,847,868,879,891,896,901,918,925,927,928,929,952,953,954,955,956,957,958
87,99,134,138,143,151,161,205,206,207,212,213,214,223,224,225,228,229,231,233,236,237,238,240,242,243,244,245,246,247,264,278,279,282,283,621,631,669,682,693,701,711,720,724,753,756,757,758,766,768,769,770,774,775,776,777,779,780,781,782,804,808,824,826,839,855,864,866,868,872,873
106,107,111,116,118,122,125,129,204,307,308,309,310,313,315,316,319,336,341,344,349,363,364,366,371,376,388,389,403,404,405,406,407,638,686,693,696,701,703,704,706,729,737,750,752,822,830,839,868,879,896,901,925,929,942,958,979,989,990,991,993,994,995,996,997,1005,1016,1017,1018,1019,1020
106,107,111,116,118,122,125,204,309,310,315,316,336,341,344,363,371,376,388,403,404,405,407,420,422,433,434,435,436,437,439,440,441,471,478,479,480,481,482,483,484,485,638,701,703,704,750,752,822,896,925,929,941,955,979,990,991,994,997,998,1017,1019,1020,1023,1034,1040,1061,1062,1063,1064,1065
19,106,107,111,116,118,122,125,129,204,307,308,309,310,313,315,316,319,333,336,341,342,344,349,358,363,364,366,371,376,378,387,388,389,390,638,686,689,693,701,703,704,706,729,737,750,752,822,830,839,843,868,879,896,901,918,925,927,928,929,942,954,955,958,989,990,991,992,993,994,995,996,997
22,87,143,151,205,207,214,223,224,228,229,245,247,275,279,283,293,305,308,329,330,334,344,346,350,356,357,360,365,366,372,378,394,396,689,693,701,720,725,758,766,768,769,770,774,781,782,830,838,839,868,881,919,929,931,932,936,939,940,942,943,955,960,961,967,968,969,971,975,978,997,999,1000,1004,1005,1006
22,87,143,151,205,207,214,223,228,229,245,247,275,279,283,293,305,308,330,344,350,356,357,360,365,366,378,379,394,396,400,408,409,410,693,701,720,725,758,766,768,769,770,774,782,830,838,839,868,881,919,929,936,937,940,942,943,960,961,968,969,997,999,1000,1005,1007,1009,1013,1022,1023,1024,1027,1028,1029,1031,1032
22,87,134,143,151,205,206,207,214,223,224,228,229,236,237,238,240,242,243,244,245,247,267,275,278,279,283,286,292,293,305,312,329,330,331,631,669,682,693,701,711,720,724,757,758,766,768,769,770,774,775,779,781,782,808,810,818,828,830,835,838,839,845,863,868,880,881,882,883,885,887,895,897,901,903,911,912
22,87,134,143,151,205,206,207,214,223,224,228,229,236,237,242,244,245,247,267,275,278,279,283,286,293,305,312,329,330,331,355,356,357,631,632,669,682,689,693,701,711,720,757,758,766,768,769,770,774,775,781,782,808,818,828,830,838,839,845,868,881,885,887,897,911,912,917,921,922,924,926,929,931,932,933,934
22,79,87,143,151,205,214,223,228,229,245,247,279,293,305,344,352,356,360,394,396,409,412,417,419,424,432,445,446,448,452,453,454,455,456,457,459,460,466,468,470,477,492,494,498,499,500,720,758,766,768,770,782,838,881,929,936,940,955,960,961,968,969,986,997,999,1013,1022,1028,1029,1036,1047,1048,1049,1068,1072,1073,1074
106,107,111,116,118,122,125,204,308,309,310,315,316,323,336,341,344,363,371,376,377,378,388,402,403,404,405,407,420,421,422,432,433,434,435,436,437,438,439,440,441,442,638,693,696,701,703,704,706,737,750,752,822,868,896,925,929,941,955,979,989,990,991,993,994,996,997,998,1002,1005,1016,1017,1019,1020,1023,1034,1040,1041,1042
22,87,143,151,205,214,223,228,229,245,247,279,283,293,305,308,329,344,352,356,360,394,396,400,409,410,411,412,416,417,419,432,445,446,450,452,453,454,455,456,457,458,459,460,693,720,758,766,768,769,770,782,838,868,881,919,929,936,940,955,960,961,968,969,986,997,999,1007,1009,1013,1014,1022,1023,1027,1028,1029,1032,1036,1047,1049
22,87,143,151,205,206,207,214,223,224,228,229,237,244,245,247,267,275,278,279,283,286,293,305,312,329,330,331,344,356,357,360,365,366,372,636,689,693,701,720,757,758,766,768,769,770,774,775,781,782,830,838,839,845,868,881,885,887,911,917,919,922,931,932,936,939,940,942,943,945,955,956,957,959,960,961,965,966,967,968,969
