0,3
0,4
0,5
0,7
0,8
0,9
0,10
0,11
0,12
0,13
0,14
0,35
1,2
1,3
1,6
1,8
1,10
1,12
1,13
1,14
1,18
1,22
1,35
1,37
1,59
1,62
1,70
1,83
2,3
2,5
2,6
2,7
2,8
2,9
2,10
2,11
2,12
2,13
2,14
2,24
2,26
2,35
2,44
2,51
2,57
2,58
2,61
2,64
3,6
3,9
3,10
3,12
4,10
4,13
4,28
5,8
5,9
5,10
5,12
5,13
5,32
5,44
5,51
6,9
6,10
6,11
6,12
6,13
6,26
6,28
6,35
6,37
6,44
6,53
6,76
6,77
6,89
7,8
7,20
7,26
7,42
7,44
7,46
7,48
7,50
7,51
7,54
7,61
7,73
8,9
8,10
8,11
8,12
8,13
8,20
8,29
8,35
8,37
8,40
8,51
8,70
8,73
8,82
8,86
9,11
9,12
9,13
9,18
9,26
9,29
9,34
9,35
9,36
9,37
9,39
9,45
9,48
9,50
9,57
9,65
9,75
9,76
9,77
10,11
10,12
10,13
10,14
10,25
10,35
10,37
10,39
10,45
10,76
10,77
11,12
11,13
11,14
11,24
11,26
11,35
11,52
11,60
11,77
12,13
12,14
12,35
12,51
12,77
13,18
13,20
13,33
13,35
13,46
13,53
13,56
13,58
13,60
13,63
13,70
13,72
13,76
13,77
13,88
14,33
14,35
14,51
15,16
15,17
15,18
15,19
15,20
15,21
15,22
15,26
15,27
15,28
15,30
15,31
15,35
15,36
15,37
15,74
16,17
16,19
16,20
16,21
16,27
16,28
16,35
16,37
16,39
16,43
16,47
16,59
16,83
17,18
17,19
17,20
17,26
17,27
17,28
17,35
17,37
17,39
17,52
17,70
18,20
18,22
18,25
18,26
18,27
18,28
18,29
18,30
18,31
18,32
18,33
18,34
18,35
18,36
18,37
18,70
19,22
19,27
19,28
19,35
19,58
20,21
20,22
20,24
20,26
20,29
20,30
20,31
20,33
20,34
20,35
20,36
20,37
20,39
20,48
20,53
20,55
20,60
20,61
20,63
20,70
20,73
20,77
20,78
20,84
21,22
21,26
21,27
21,28
21,35
21,37
21,39
21,40
21,53
22,27
22,29
22,30
22,31
22,35
22,36
22,37
22,45
22,46
22,61
22,81
22,87
22,88
23,29
23,33
23,35
23,41
23,45
23,49
23,56
23,64
23,65
23,80
24,28
24,35
24,54
25,26
25,28
25,29
25,30
25,31
25,33
25,35
25,36
25,37
25,39
25,44
25,52
25,77
25,79
25,83
25,85
25,88
25,90
25,91
26,27
26,29
26,30
26,32
26,33
26,34
26,35
26,37
26,39
26,41
26,53
26,63
26,64
26,70
26,73
26,74
26,76
26,86
27,28
27,35
27,36
27,37
27,60
28,31
28,33
28,34
28,35
28,37
28,83
29,30
29,33
29,34
29,35
29,38
29,39
29,80
30,31
30,32
30,33
30,34
30,35
30,36
30,37
30,40
30,76
30,77
30,83
31,32
31,36
31,40
31,48
31,53
31,70
31,76
32,35
32,37
32,39
33,34
33,35
33,36
33,37
33,39
33,46
33,60
33,70
33,74
34,37
34,39
34,46
34,59
34,83
34,85
34,89
35,36
35,37
35,38
35,40
35,44
35,45
35,46
35,51
35,56
35,57
35,63
35,70
35,74
35,77
35,83
36,37
36,40
36,51
36,70
36,76
36,77
37,38
37,39
37,55
37,75
38,39
38,90
39,45
39,60
39,80
41,43
41,49
41,56
41,64
42,48
42,51
42,61
42,64
42,74
43,44
43,45
43,46
43,48
43,49
43,50
43,51
43,53
43,57
43,60
43,61
43,64
43,65
43,68
43,69
43,70
43,74
43,76
43,78
43,82
43,87
44,46
44,48
44,49
44,50
44,51
44,53
44,56
44,57
44,59
44,60
44,61
44,62
44,64
44,65
44,66
44,69
44,74
44,75
45,48
45,52
45,55
45,56
45,57
45,59
45,64
45,66
45,67
45,68
45,69
45,70
45,71
45,85
46,48
46,51
46,52
46,53
46,56
46,58
46,60
46,63
46,64
46,70
46,79
46,82
46,85
47,48
47,50
47,52
47,54
47,55
47,64
47,66
47,68
47,84
47,88
48,49
48,50
48,51
48,53
48,55
48,56
48,57
48,59
48,60
48,61
48,62
48,63
48,64
48,67
48,69
48,70
48,71
48,73
48,74
48,76
48,80
49,50
49,53
49,55
49,56
49,57
49,61
49,62
49,65
49,71
49,74
50,52
50,53
50,55
50,57
50,58
50,59
50,61
50,63
50,64
50,65
50,69
50,70
50,72
50,73
51,54
51,55
51,57
51,60
51,61
51,63
51,70
51,76
51,79
51,83
51,84
51,90
52,53
52,54
52,55
52,57
52,65
52,74
52,80
53,56
53,57
53,59
53,60
53,61
53,64
53,65
53,69
53,70
53,71
53,74
53,77
53,80
54,55
54,64
54,70
54,72
54,79
54,80
54,82
55,58
55,65
55,69
55,70
55,72
56,60
56,61
56,70
56,85
57,62
57,63
57,65
57,67
57,70
57,71
57,72
57,74
58,59
58,60
58,61
58,64
58,65
58,69
58,70
58,71
58,72
58,79
58,83
59,61
59,64
59,69
59,70
59,71
59,74
59,84
60,61
60,63
60,64
60,70
60,74
60,76
60,77
60,80
60,81
60,85
60,87
61,64
61,68
61,69
61,70
61,71
61,73
61,74
61,78
61,80
61,81
61,83
61,88
62,70
63,67
63,70
63,73
63,80
63,87
64,66
64,70
64,71
64,74
64,76
64,77
65,69
65,71
65,72
65,80
67,70
67,73
67,74
69,70
69,71
69,72
69,74
70,71
70,74
70,76
70,77
70,78
70,89
71,84
71,85
71,88
72,74
72,84
74,77
75,80
76,77
76,80
76,83
76,86
76,89
77,78
78,80
78,83
79,80
79,81
79,82
79,83
79,84
79,85
79,86
79,87
79,88
79,89
79,91
80,81
80,82
80,83
80,84
80,85
80,86
80,87
80,88
80,89
80,90
80,91
81,83
81,84
81,86
81,87
81,90
81,91
82,84
82,85
82,86
82,87
82,88
83,84
83,85
83,86
83,87
83,88
83,89
83,91
84,85
84,86
84,87
84,88
84,89
84,90
84,91
85,86
85,87
85,89
85,90
85,91
86,87
86,89
87,88
87,89
87,90
87,91
88,89
88,90
88,91
89,91
90,91
1,18,22
1,83,87
2,3,10
2,6,9
2,6,11
2,6,26
2,11,35
3,10,12
6,9,11
6,11,35
7,16,21
7,48,51
7,51,54
7,51,61
8,12,13
15,16,17
15,18,26
15,27,28
16,17,19
17,26,28
18,22,35
18,26,37
24,31,48
24,48,70
26,29,34
28,35,37
33,60,70
42,43,48
42,48,51
44,49,57
44,50,57
44,53,57
44,56,57
45,48,64
50,52,57
50,53,57
50,56,57
51,84,87
53,61,70
59,64,80
60,61,64
64,70,74
76,80,86
80,83,85
24,31,48,70
50,52,53,57
