169,681
239,943
35,475
626,896,1042
286,364
240,265,1125
240,418
60,189,1151,1670,1917
977,1702
308,509
145,307,386,1668
351,1150
45,642
305,1818
17,18,1163
2,782,1786
781,1363,1498
35,252
893,1840
9,1796
40,56,372,983
84,1073,1796
185,674
146,248,293,386,1217
50,701,1944
259,619,965,1129
314,432,448,961
10,183
64,66,173,213
148,564
523,756
11,233,696,1022
412,433,996,1300
3,26
1193,1372
520,1322
110,147,264,1944
768,1597
442,1291
1422,1621
326,379,671,1082,1919
170,266,494,870
321,1166
893,1476,1786,1965
679,1501
77,103,1485
129,164,372,1517,1536
1,1180
634,668
60,199,223,332
80,777,1280
23,45,418
64,882
50,319,428,1606,1755
8,353
131,186,697,984
360,816,1040,1061
718,1470
100,1535
14,45,1516
733,1019
7,218
912,934
73,521,1192
44,541,747,961
391,953
888,1623,1720
24,28,1740
350,651
164,458
53,644
298,494,855
594,978
85,913,974
50,668,974,1082
193,838
210,591,1863
123,223,241,435
232,287
14,469,635
16,341,691
939,1672,1741
522,1422
103,470,1106,1756
107,244
1463,1553
603,1239
209,232
999,1087,1505
8,421,424,565,842
2,295
267,1108
360,1081
1498,1633
412,1522
378,611,719,793,1795
241,1157
536,772,1463,1726
5,1581
19,91,177,680
270,536,1761
258,447,699,1220,1388
710,775,1166
319,1925
553,604,1060
133,343,1174
278,291,768
175,476,1387
174,1099
1326,1628
38,1752
84,477,546,1794
195,197
422,689,1499
116,1164
192,610
13,874,957,1625
57,147,194
122,126,322
288,1457
127,695
56,1662,1958
190,419
258,979
6,53
475,1368
320,1780
291,671
108,612,1882
134,199,805,1951
293,605,1175
451,453,457
939,1462
631,689,1785
401,1086
162,585
1,29,477,655
12,346
49,88,786,1108
22,86
137,217,1491
525,693,961,1118
319,1248
563,698,1277,1758
16,1714
221,393
137,940
65,576,1737
21,34,391,1048,1166
31,1454,1464
202,244,277,1479
43,544,1127
96,622
49,138
716,956
250,330,1352,1528
390,433
579,1085
1070,1573
13,754
242,1716,1804
238,513,641
11,398,433,1557
790,1854
238,466,1178
257,296
154,1223
452,647,1803
104,138
330,728,1444
180,426,682
80,696
74,209,304,384
1039,1971
483,1607
75,112,361
58,212,1313,1314,1733
367,1285
236,456
160,291,339
265,1146
103,411
473,1654
411,1772
34,211
339,382,1903
84,1086,1755
1306,1561
18,39,61,400,2000
1180,1391
270,1761
95,324,367,1396
212,897
187,1926
63,68,110
471,1026,1111
40,1985
70,454,1801
67,1134
150,1033
376,695
98,304,373,828
61,205,669,1335
190,292,799,1157
786,1444
246,266,370
45,211,811
8,88
47,285
4,207,1209
327,1189,1897
6,546,694,1289
150,278,654,1668
538,790,1771
56,852
78,535
51,1546
242,259,479,539
97,715
18,106,542,787,858
230,1491,1976
82,345,521,1149
1095,1191,1829
304,593
275,480,507
354,762
209,249
92,212,219,399,1928
347,528,691,1009,1604
74,1046
147,315
7,220,1559
24,274,735
68,73,269,320,547
3,35,674,712,1443
70,487,973,1040
79,1263,1728
54,1727
20,139
83,910
176,831,1169
599,993
15,246,307
141,790
839,1292
95,121
100,533,1988
14,122
169,334,452
256,774
94,117,264,833,927
154,363
15,459,502,767
26,110,305,325,778
272,418
230,1886
290,721,1258,1306,1413
28,304,963
164,530
21,288,681,1101
6,31,1142
257,1249,1357
419,908,1492
6,118,131,1011,1735
131,1032,1583
106,1528
442,783
394,469
112,122
29,362
274,644
157,321
737,915
101,584
770,1541,1775
229,359,913,1028,1625
1809,1877
574,734
4,44
68,1813
17,1150
150,258
87,147
715,725
135,558,1147,1467
306,645
555,677
31,79,214
709,1080
8,34
68,730,1636
203,204,1844
837,1322
158,1949
415,421,687,1043,1147
96,657,1901
34,1336
772,1917
575,686,1921
470,1981
274,776,1104,1203
412,1199
1364,1571
151,187,902,1655
2,1590,1779
611,623,1422
116,475
241,615
817,1265
102,179
125,1513,1705
881,1723
122,1912
1500,1693
135,778
889,989,1384
203,1593,1809
399,486,795
106,1116
101,667,1534
34,38,178,1620
70,397,1999
430,1850
180,1910
560,1334
650,1849
31,1844
153,341,1752
201,293
723,1304
7,1258
120,486,582
324,978
269,571,1849
792,1803
9,188
272,592,1824
268,619
906,1787
688,1468
107,108,411,714,1002
170,312,1027
645,995
3,77,540,1618
586,1237
188,250,664
102,1319
636,721,977,1526
376,703,794,1270
1545,1731
1315,1425
95,387
137,834
1474,1703
658,1398
8,38,91,217
60,88,780
17,1095,1248
143,318,517
537,979
139,1415
395,448,934,975
116,495,877,1121
12,918
256,343,831,1151
588,715,1338
31,1142
102,542,1300
139,1267
306,318
51,215,1615,1872
99,1297
203,894,1187,1817
893,1293,1388
417,911,1078,1268
99,660,933,1263
273,355
599,1445,1590
101,1943
171,352,419
191,1828
160,457,695
123,1520
137,157,519,707,1219
402,1418
18,244,287,315,1443
235,276,361
124,244,320
264,1284
190,282,930
130,134,556,1331
4,73,115
387,591
1299,1692
16,37,678,1386
43,981,1492
27,568
1022,1413
171,1210
37,839,1827,1909
73,111
304,1466
35,1956
110,234
1419,1734
162,794,921
651,1481,1879
250,1712,1960
107,950
245,1509
162,638
1368,1498
71,114,197
380,1024
124,187,786
258,760
45,750
206,1412
308,430
437,1148
519,674,1057
242,345
109,736,928
425,1037
17,1168,1373,1985
44,482
720,776
427,511,830,1888
225,1405
161,168,170
677,1694
794,1294,1407
238,1785
816,1572
383,1477
230,273,1281,1434
15,834,1169,1227
118,172
20,112,149,482
442,476,680,1992
62,1082,1995
219,1230
98,183,210,595,802
314,1867
524,735,1027
300,568
388,856,1972
127,331
98,132,1002
227,477,1057
63,110
44,393
70,743
308,1163
44,97,252,547
33,151
58,1013
404,624,1606
604,757
98,132,729
366,992
396,937,1339
48,156,300,1442
60,1436
67,583,665
620,1672
80,717
28,571
724,917
30,120
754,827,1791
55,428
243,608
101,207,464,891,1574
232,1940
173,213
84,313
483,1212
82,1935
653,1789
18,154,217
229,335,1391
324,886
1285,1500,1813
96,532,1984
148,247
176,1987
69,435,466,967,1977
388,573,628,661,870
186,705
233,253
394,1628
17,521,1781,1978
41,61,425,444
59,104
102,1476
880,1375,1836
1299,1446
154,384
36,527
506,841
60,418
424,875
401,556
349,474
11,141,290,412,787
162,1539
709,1144,1220,1302,1607
93,143,834,1547
56,254,847
285,607,943,1244
41,253
598,757,931,1169,1666
373,1265
82,398,579,646,1837
615,765
617,1055
196,290
7,689,1845,1968
793,1545
95,324,540
63,959
479,1270
94,1077
976,1062,1085
612,782
63,464
33,1176
158,1251
1,21
180,1217
283,588,663,676
124,1896
23,30,676
439,497,1609
582,1086
3,247,1593
197,915
1029,1351
37,127,402,1164,1422
48,255,856
7,19
195,496
946,1647
365,949
327,1461
117,295
53,63,125
1652,1799
430,433,606
31,139,771,877
503,1088
519,719,1402,1552
353,1738
80,965
32,206,1460,1503,1764
9,108,117
142,659
13,106,718
2,114,293,509
1095,1388
91,199
98,244,460,755
26,305
219,415,1179
146,168,1316
647,901
389,1993
62,1264
215,246
1024,1961
57,63,184
134,1368
80,261,1529
1290,1749
90,665
640,1473
123,165,716,910
272,1543,1868
155,470,920
476,1215
34,107,130
912,1832
50,145,151,1142
144,863
237,521,877
616,982,1438,1893
9,346,1606
649,941
373,483,522
53,924,1918
75,135,141
48,363,651,1220
597,1317,1976
211,866
325,1155
183,378,1673,1896
359,1884
124,896
57,499,903
2,349,1157,1970
468,1162
119,827
89,1077,1101,1510
334,672,731,1765
442,1213
1205,1760
69,289,298,314
114,703
180,732
92,832
266,441,642,1004
336,549
330,662,1643,1779
713,815
45,148
36,234
85,1324
505,935,1212
828,1848
4,156,767,1405
196,301
5,1042
268,314,639,1891,1904
87,885,926
260,333,1871
2,349
342,861,1049,1133
3,155,859
78,998,1387
243,420,1863
14,82,898
88,439,1688
244,594
73,366,994,1922
27,491,1475,1747,1851
427,576,1037,1347
347,376,680
63,96
33,962,1205,1271,1986
1785,1989
68,277
13,677
570,1679
675,1325
906,1098
174,327
185,545
168,1104
180,1906
62,673
128,779
333,361,874
40,970
131,713,757,903
267,396,611,1319,1509
19,442,935,1346,1865
176,1332
2,39,46,503,1013
1334,1902
174,350,626,869
1864,1991
1129,1226
149,1010,1124
534,810,1049
48,382,589,1051
78,485,819,1700
206,244,536,1048
232,252,995
983,1806
351,411,1701
314,952
26,152,1028
42,215,865
558,1140,1714
487,690
23,572
195,409,610,1089,1410
469,1697
481,1795
914,1922
199,1058
953,1650
645,916
1189,1517
761,903,1348
473,508,553
226,764,1682,1983
812,1235,1790
42,1430,1475
763,1521
168,1671
236,423,884
369,514,570,1373
48,146,541,1725
24,883,1979
165,350,435,450
618,1202
3,35,150,282,1372
805,1076
884,1258
99,262,524
206,1903
201,851
9,325,580,1197
4,796
94,964
91,799
160,189,456
65,131,1638
142,282,1885
123,1148
713,1135,1187
203,1964
226,1074
13,1715
59,1957
305,982
5,636,1208
297,1826
12,374,667,1536
18,44,153
380,632,660,1438
118,574
14,383,1052
121,1266,1353,1658,1865
230,752
57,740,1549
1766,1820
179,271
81,892,1296,1616,1669
15,529
363,915
1601,1868
917,1705,1820
361,1916
376,1172
89,186,637
77,1704
513,1115
206,987
11,120,924,1649
117,850
623,924,1988
17,1669
292,643,1127
36,1121
73,182,612
302,956,1618
782,1501
386,1365
268,1001,1399
169,207,331,1291
119,706,959,1655
1029,1263
615,747
92,321,532,912
18,157,252,1177,1293
200,401
138,827
614,779
201,925,1144
661,1604
81,1137
120,167
75,1619
5,1693,1827
377,1834
575,1425,1559,1840
454,1287
100,519,1073
453,866
502,1670
257,629,1179
40,75,193,556
55,849
38,207,351,1206
149,1809
1159,1288,1549
700,1213
14,139,951
91,489,1922,1975
85,675
13,413
300,336,812,1642
1365,1409
215,332
40,316
693,853
115,1973
283,441
219,463
20,574
208,424,823
270,357,455,657,1126
1264,1667
387,1695
472,656,708
22,875
278,630,1016
142,1207,1382
565,1483
755,1563,1586
812,1219
486,1535
77,1873
1030,1433
202,1537
16,431,632,782,1604
87,182
72,571,607,748,1562
222,287
20,505,914,1464
456,1997
97,1717
99,376
203,701
196,731
269,801,939,1633
447,1739
7,1898
619,1044,1107
28,225
1130,1441
66,1024
621,1313
280,804
152,1028,1914
255,1422,1920
37,75
49,142,496,969,1302
8,238,659
89,1336
1,83,994
41,74,1227
73,1515
151,353
643,1182
899,974
23,33
177,741,1106
75,614,1386
179,1209
171,256,508,624
18,598
8,186,206
209,1447,1743
97,222,613,946,1558
873,1317
63,297,1695
77,215,1594
118,612
311,1198
336,1747
357,1327
1544,1947
55,865
106,301,373,657
122,246
92,561,1169
62,115,845,1071,1426
121,466,1411
143,1866
1116,1153
71,266,518,1254
280,433,958
313,344,584
99,957
991,1153
422,1807
179,711,999,1544
141,412,606,858,1155
33,447
1579,1628
23,318,371
700,955,1562
393,1788
122,648
20,681,1359,1911
76,100,265,394,505
128,256
224,672,707
132,244,359
283,480,1664
52,320
1276,1548
728,1527
395,1591
172,1282
30,439
254,739
2,679,1146
49,192,286,295
279,1458,1637
297,1861
817,1683
100,116,1337
222,853
261,294,960,1931
566,1004
49,1430,1502,1599,1702
101,375,1359,1765
877,919,1368
462,713,1608,1913
48,179
133,156,862
263,755,818,1256,1366
257,298
284,1930
104,1424
142,722
571,1216
186,620
28,103
89,186
98,316,457,1351
69,1430
622,1146
1215,1346
17,521,1903
61,631,1158,1281
250,1137
239,547
817,1677
362,983
39,52,98,100
208,1035
1103,1303,1824
1094,1310
56,475
6,588,875,1119
189,1634
16,437
301,324,621,1997
171,396
827,1473,1850
76,586
24,1819
528,1560
10,1616
3,371,1618
161,896,1466
89,916,1561
204,749,963,1117
170,344,360,1316,1734
158,374
353,558
126,580,913,1325
175,1238,1508
280,399,602,730,1698
15,120
32,959,1128
88,321,1057,1253,1295
51,1078
38,476,824
39,96,788,1474
123,622,817,889,1160
477,481
111,519,1327
178,1301
29,51,605
943,969,1005
113,175
429,1967
385,1121
172,474,503,609,758
21,1722
415,627,1098,1374
312,1347
42,132
316,348,1928
20,273,696,1254,1933
85,112
114,115
342,1109
35,709,1297,1583
67,451
968,1492
25,537,652,1486
395,1192
467,1006,1404
654,806,1095
29,1057,1130
650,975,1030,1685
108,224,769,850
222,925,1107,1703,1769
416,1692
217,500,1127
176,416
918,965
53,57
66,1489
17,317,320
25,1329
38,103
80,1626
210,512,1109
248,625
8,73,215
347,1113
68,119
1059,1167,1531
282,371,751
1577,1632,1807
179,518
282,956
1281,1503
550,709,839
410,1434
139,504
520,627
499,927
9,43,448
497,534
117,237,490,1002,1371
226,1145
54,471
525,818,1248
520,1478,1696
1667,1811
65,1255
482,1712
73,717,940,976
129,1707
405,1173,1344
50,158,392,867
30,350
181,348,406
728,788,1389,1830
72,686,1769
104,271,360,528
129,419,1044
902,969
635,1074,1236
704,891,1764
91,441,903
845,1298
731,809
1468,1537
518,915,1881
350,1342
482,1380,1554,1691
59,121,331
8,1419
58,61,64,617
1458,1689,1965
622,912,1345
43,523,1635
109,2000
243,251
361,1600
1094,1408
1086,1358,1442
926,992,1183,1587
39,543,806
93,249,343
234,1953
26,110,866
113,1861
17,62
1060,1838
149,1448
900,1568
411,797
640,969
923,1590,1830
114,1029
489,859
36,992
1170,1313
436,718
232,1268
18,334,1056
499,1270
281,1311
643,1310
92,1919
171,236,252,707
170,1090
83,694,855
46,368,414
148,1140,1383,1423
235,319
102,162,553,606
50,652,1317
823,1124,1129
35,473
202,340,725,1464
1410,1774
239,693
98,213,582,1471
469,1537
2,1272
293,648
30,694
281,916
38,587
235,1663
22,337,399
320,472,680
897,1065
757,1381,1588
285,311,1776
81,237,600,1368
253,374
31,1037,1434
572,1305
44,683
115,1098,1324
368,550
447,1681
421,428
97,525
107,224
384,423,490,1556,1710
743,990
326,993
1502,1552,1883
1540,1900
100,269,307
1341,1505
947,1624
358,570
53,105
1368,1903
193,1759
32,103,225
127,670,1831
19,510
27,1624
198,1757
102,1986
324,338
314,698
275,445,497,537,1035
506,1695
1326,1877
14,20,971,1295
421,986
196,338
167,300,685,738
1237,1954
6,31,637
17,919
119,474
134,263,516
30,1075
39,527,679
129,408,530
298,337,1277,1676,1695
690,865,1275
59,75,780
567,940
6,307,459,575
229,259,1402
8,49,101,1047
132,460
65,340
648,1052
92,114,622
467,577,1499
16,695,1555
140,181,243,687,799
833,1077
1106,1603
62,272,343,481
638,984,1159
119,667
121,273,1361
216,689
248,434,766,796
1024,1364
1141,1547
160,1717
9,65,77,179,1684
172,585,752
78,1331
400,1019
197,333
437,727
1453,1910
47,243,329
1074,1479
292,406,482
206,1729
256,1111
155,391,501
141,438
2,503,1998
72,122,814,923
21,144,545,753,1225
248,699,1226,1514
284,418
94,1232
138,148,1035,1442
90,489,710,1452
736,1790
226,873
116,582,777
1162,1213,1665
173,384,412,889
21,838
450,716
500,966,1070,1757
7,76
821,1423
247,751
28,97,105,293
89,1501,1770
76,368
423,1058
348,822,888,1782
327,1897
350,643
638,717,1254
306,315
25,1718
1669,1761
1347,1845
1,23,994
126,984,1183,1821
112,349,798,1018
881,1424
147,1309
85,742,1805
462,558
329,420,935
13,1419
73,740
316,328
148,371
19,177,619,749,1992
31,637
130,972
4,90
4,717
58,191,750
120,373
242,245,308
133,771,1569
866,1336
57,303
145,220,1303
4,548,1663
132,1698
623,1533
1051,1521,1831
995,1929
271,1793
3,277
20,1133
379,1187
500,852
214,845,995
159,678,1312,1418
34,190,1190
56,221
947,1084
110,342,389
17,65,1255,1878
60,69,952,1478,1506
25,121,594,1653
387,1030,1031,1744
43,768
263,521,777
171,281
7,407,422,467,800
918,1486,1915,1944
67,365
70,879
1150,1475,1885
108,1328
68,1053,1122
10,1049
129,1215
15,275,796
229,1804
8,77
15,585
414,1622
574,1270,1485
142,191,1093,1261
3,1428
46,809,1123
12,1332,1750
8,20,1395
1170,1564,1820
11,233
160,1760
51,229,1470
169,324,690
45,883
307,557,629,1260
899,1885
51,70,316,721
363,583,999
246,276,450
345,1889
100,228
105,1333,1655
183,490,742,1841
24,124,172,498,869
581,989
121,153,889
200,333,520
65,808
216,384,578
578,1017,1384,1929
1608,1999
311,502,592,1911
776,1673
306,1898
54,184,298,1849
39,76
1429,1719
535,1951
46,1013
25,962
708,839,995
612,828,1045
49,627
168,208,356,877,1709
6,63,723,1172
41,74,908
65,351,1094
4,37,129
402,760
144,181
47,1242,1249
52,1059
586,1448
88,1233
241,276,1933
183,218
85,174,626
453,656
223,800
710,1611
27,83,531,835
115,1382
261,1247
122,126
490,838
24,1617
682,1453
415,704
7,191,618,1845
296,551,979
26,342,728
14,82,126,359,587
780,1467,1766
95,848,1519
23,425,749
271,648,818
2,270,288
638,1542
792,1525
1700,1962
532,1146,1185
94,131
6,700
35,270
492,676
677,1487
228,1589
69,536
566,1086
88,315,418
541,548
750,784
36,1245
246,328,1384,1771
702,1253
48,1696
112,139,1649
18,66,107
261,745,753,1976
140,318
1284,1317,1387,1446
448,1782
598,697,988
402,1027,1686
420,455,1731
1200,1770
140,649,1274
206,337,857
17,382
11,427,830,1675
24,428,1764
96,478,657,1694
136,194,779
64,301
231,1898
152,1275,1542
81,276
105,439
52,244,869,1581
222,683
420,1939,1963
395,699,1190
389,499,1671
95,772,1531
6,829
31,908
848,1389
917,1705
9,1034
88,270,592
156,219,321,443,549
1175,1917
102,1131
629,1543
597,1444
1,225
4,275,534,1570
475,1343
95,311,1349,1939
1110,1462
220,1007,1659
60,268,608,770,854
73,205,1653
139,221
194,497,842,1886
11,22,273,352
290,1327
345,381,566
79,549,1490
311,723,1128
229,468
169,1008
24,226
75,179
535,1596
18,1211
398,1943
980,1971
141,233
311,413
1403,1580
707,1379,1530
102,250,267,355,953
269,795,1709,1753
121,567,1119
24,42,381,883,1736
802,1005,1409
331,1121
59,121
84,424
129,375
285,314
140,220
248,1175
105,386
76,91,1010
130,1773
41,541,669
1542,1862
504,1715
563,828
183,300
100,970,1768
27,155,190
1097,1357
29,90,309
129,391,587
993,1057,1871
49,1041,1487,1860
34,1247
210,1151
132,354,889
1754,1876
451,453,1326,1496,1645
371,804,1344
120,1184
1,422
109,123,201
32,701,807
102,604
51,372,1139
46,892
108,1948
234,1279,1983
4,10,41,419
342,409,989
103,261,446,1166,1650
13,1625
108,954
32,599,1190
225,797,1012
403,1658
263,434,680
272,413,835,1378
769,874
419,1188
341,1506
27,791
844,1084
1343,1583
173,286
238,478,1459
231,422,1142,1903
571,1979
17,377
10,307,364,449,669
165,716
64,671
136,404,857
238,364
222,613
1750,1815
81,198,221,562
105,652,685,1195,1699
1588,1773
32,228,527,1568
1948,1994
1,79
2,174,414
150,1396
284,342,854
99,985,1744
141,339,1060,1202,1660
111,112,1596
86,545
94,117
86,379,720
141,380,1749
1040,1504
454,1139
35,77,347,365
584,1134,1601
553,901,1307,1513
560,962
77,549
876,1863
3,940,1750
116,440
172,1291
335,398,1167
52,337
36,215,1820
134,430
358,1707
44,1825
2,576
134,306,1417
77,224,483
75,894,1138
139,1052
133,881,1066,1691
489,897
720,1174
671,824
86,994,1494
539,573,1365
13,1113,1909
373,795
73,159,328
110,742
762,1418
56,73,340,658,1380
357,815,1207,1572
406,529,661
108,430,890
33,572,1292
1394,1617
182,1067
660,673,739,1442,1593
463,685,1309,1505,1759
107,238,635,977
388,1276
332,1775
15,16,37,638
45,1362
94,628
305,561
186,1024
12,285,747,1600
6,11,88
411,1029
200,319,414,530
1108,1161
561,1545
12,15,348,666,929
38,294,391
124,359
176,512
9,445
157,907
356,1738
36,93,121
30,676,855
37,1774,1893
531,1360
759,1547
11,714
293,491
128,134
693,1287
12,947
109,627,656,939,1994
331,1158
245,1829
1300,1883
137,217,330,363,518
639,1745
485,529
129,164,484
399,1466
2,40,128,1208
25,58
185,324,447,519
1054,1940
327,354,808,878
85,139
69,1758
285,1433
55,1584
156,836
193,1477
59,230
85,199,248
135,463,1340,1794
384,973
14,951
5,177,386,892,1922
450,1520
150,446,1376
17,475,806
254,1941
22,436,569,1668
585,686
51,67,833,990
705,1342
212,1874
28,1328
29,1313,1555
233,498,604,787
91,265
171,818,928,1248
256,343,1643
24,484,1454
22,545,1176
334,393,1107
238,1178,1672
29,607
37,691
65,137,330
223,764
628,945
1216,1657
30,146
21,294
203,259
195,672
852,1371
197,1725
589,684
75,862,1925
202,277,1447
944,1890
35,568,1227,1812
1,70,1014
189,267,328
471,1076
611,1426
448,760,1093
36,635,1447,1535
7,191,231,1194,1763
140,1125
560,1054
1072,1346
46,1018
5,1141
373,1169
684,1273
516,1062
90,1500
322,415,1026
524,1079
127,732,1924
212,357,896
395,1984
455,724,879,1107
320,378
25,428,493
193,343,370
150,311,1269
51,144,1514
623,923
1307,1811
430,560,1153,1197,1482
204,552
129,1106
48,687,836
159,466,717,813,1450
68,907,1168,1507
663,1458
802,1599
148,536
328,759
64,118,329,1210
359,594,904,1983
18,497,725,1390
50,600,820
64,144
53,1393,1515,1833
330,1977
464,805
16,782,1343
226,817,1194,1283
63,1416
239,840,1193,1466
386,1394
25,517
42,102,247,977
271,583,1646
64,227
1293,1339,1843
57,471,765
73,432,577
41,449,1401
536,975
19,204,459
108,497,1778
1115,1193
93,114,1908
289,592
11,1931
1351,1374
188,1415
184,214,238,662,1066
27,609,1609
1042,1471
864,1653
415,1032,1345
8,151,465
303,1597
651,672
53,89,510,992
1451,1853
269,1959
5,1564
127,585
313,386
5,262,625,1159
160,168,763,958,1379
203,1022
235,1322
106,173
1165,1310
104,408
58,515
474,1065,1088
36,277,1447,1913
24,220,1397,1500
55,173,1924
444,464,646,1345
401,819,965,1629
152,948,1004
233,339,663,1916
772,1792
5,847
272,620
442,544,1107,1370
185,254
668,874
56,214,560,1171
22,52,362,1675
1096,1252
21,1200,1848
53,158,668,795,1950
685,1926
84,1431
125,1913
119,590,636
11,663,1862
243,284,326,1047
88,299
17,267
573,605
161,170
119,163,173,197,260
59,452,906,1611
18,290,545
31,104,294,510,1479
87,682
209,557,693
8,66,349,361
104,248
792,1270
224,1627,1906
1260,1408,1902
5,60,165,1059,1794
357,1475
691,1150
746,1975,1990
16,93
30,89,125,744
761,1172,1232
280,1220
423,1440
419,559
87,1046
1145,1621
110,1860
618,1242
259,1048,1051
763,894,1566,1870
847,1600
264,508
189,809
230,1158,1165,1429
194,1778
1097,1165,1267
393,1730
13,49,693
34,1200
113,472
39,1901
31,89
20,139,1265
74,646,955,1510
161,443,901,1221
166,201,241,440,692
57,63
244,593
44,48
350,450,925,1012
126,1027
147,1571
361,1640
99,226
67,104,768
521,882,1647
12,25,346,515
10,528
285,1904
60,335,691,1438,1789
19,552
261,839
39,1591,1676
14,51
245,417
11,264
746,1991
25,193,1887
345,513,960
91,550
250,1805
35,1443
178,578,846,1417,1470
60,240
117,222
61,1195
32,68,156
432,694
25,1051
576,1105,1316
59,120
3,32,36,68
564,1487,1688
1481,1780
75,137,579
85,139,505,1462
178,325
103,120
69,336
121,1459
101,137,271,416
5,729
66,106,518
295,696
134,169
644,1239,1986
339,775
891,1227
67,335
136,189,204
19,442,1163,1286,1542
417,689,1160
163,258
95,334,368
394,1882
42,673
86,600,1669,1980
191,227,431
29,157,248,1617
357,744
280,726,1181,1182
385,484,1392,1678
27,1183,1484
33,265,1473
183,307
63,377
11,147,604
247,754,1370,1714
137,466,525,1184,1941
151,173
20,1746
433,948
222,581
323,581,641
583,915
1279,1353
341,431,526
33,278
734,1048
141,604,787
58,1009,1429
574,840,1348,1559
107,306
8,496,590
338,743,1091
744,1678
228,1723
73,76,675,1576
97,282,780
304,1099
1119,1944
132,755
11,438,1456
552,986
670,1369
373,668,1278
932,1974
367,418,650
425,834
800,1258
128,556
696,1214
78,523
15,1664
63,259
43,101,296,600
133,685
55,188,213
36,834
67,616,645,1518
218,845,1355,1702
58,78,299,571
1534,1597
161,1440
252,1745
182,343
827,1056
491,954,1149
917,1744,1939,1993
15,106,192,761,1996
20,23,57,318,1790
60,1267
115,329
872,1330
576,1105,1252,1673
118,895
1299,1558
20,59,1859
26,305,325,794
198,613
362,573,1091,1377
15,665
322,1439
303,854
16,197,266
44,173,708,1039,1782
271,1920
526,632,660
1098,1420
44,222,287,487
71,1461,1579
170,958
130,880,1275
45,390
133,461,1927
94,1096,1252,1574
2,177,1185
17,116,1264
262,951
96,219
378,1395
14,935,1729
240,1995
214,1882
23,318
472,1865
5,141,244,1222,1919
140,148,445
115,552,574
153,1160,1177
372,1950,1958
187,301,1282
70,165,1148
220,249
231,1001
145,1738
14,965
578,1581
66,192,465,522,1041
1,30,146,157,1402
82,1130,1622
77,1037,1902
656,1351
324,734
273,1385
541,1237
225,303
141,264
613,853
205,516,771
251,262,437,1271
86,326,523,1255
42,484,590,673
150,975,1075
682,1383
42,1784
460,1229
1113,1450
315,1053
17,861
50,254,407,421,1773
86,385
751,1588
74,199,1354
980,1050
79,82
16,385
724,1034
1267,1880
1301,1620
64,650,1934
90,112,236,495
42,64,899
46,147,541,824
338,837
759,865
13,235,1416,1833
397,1341
97,1363
53,66,1132
1152,1681
125,808
125,215
22,234,582
2,39
45,84,220,535,642
456,1354
147,268,783,1677
164,408,1599
1,64,421
260,885,1186
198,502
93,1727,1894
100,318,1882,1945
221,307
204,1331
22,1377,1657
398,412,858,981
95,854
93,742,1851
76,265,586
82,108,1708
80,567,976
309,1441
548,725
15,89,428,1293,1652
1017,1991
369,1208
14,20,238
51,491,605,837,1195
68,225,1183,1236,1456
515,1333
128,135,169,684,791
133,1849
378,403
52,1333
118,236,273,406,1674
133,135,1810,1985
153,1240
963,1029
23,718
79,573
190,617
75,143,470
205,1093,1656
204,552,892,1449
1334,1481
233,1414
35,469,1486
453,598,621,1851
100,317,778
14,771
21,1043
33,64
213,1025
5,1099,1167
176,327
23,280
115,286
391,501
10,548
104,459,1802
394,538
191,218,1194
3,817
384,463
547,1054
92,219,657,1305,1901
986,1468,1684
980,1497
1768,1807
163,323
1260,1762
182,1031
165,651,705
2,46,295,1662
1362,1635
78,667
327,510,722
327,1189
67,1176
45,50,979
129,408,991
32,140,816
446,746
224,267,458
20,188
119,195,1937,1973
606,1218
87,284,723
159,1327
67,146,575,676
772,847,872,1427
797,1008
116,562,831,1098
1538,1730
175,279,665,1629,1645
2,1955
20,1295
16,539,573
621,900,921
886,1099
35,115,1838
111,529
904,1240
73,81,119,335,462
123,290,650,1346
353,483,754
53,377
478,1179
51,523,835,1724
1135,1467
43,292,314
5,361,767
71,970
111,288,508,962
12,80,534
49,88
251,1469
374,432,572,1760
67,225,331,545,1307
150,251,727
452,868
193,605,770,918
83,1130,1373,1471
122,126,272,313,580
257,1805
4,111,172,459
29,83,1001
126,1133
54,424
168,247
95,841,1087
820,1410
1197,1512,1813
170,1057
86,238
488,582
405,587,1375
1257,1364,1421
312,1032
168,356,1399,1709
20,350
52,904,1278
29,56,444
160,281
700,791
1314,1839
1080,1756
587,699
13,113,1400
121,153,222
44,454,632,1055
146,993,1689
153,189
732,839,1297
641,1787
109,966
41,63,346
1296,1301
6,620,908
7,296,811,1258
293,479
18,108,1573,1829
377,744
14,292,322,580,913
316,1614
207,309
386,632,1439,1819
697,1714
995,1031,1196
246,1215
1019,1585
254,923,1178
9,286,376
94,131,352
30,492,804
8,1257
30,1795
16,1016
30,187
267,1118,1246,1489
621,1136
783,789
297,533,817,1253
22,219,634,872
666,1463
1,67,748
50,516,641
510,1211
13,130,472,895
29,185,335
220,381
36,75,136
94,743
530,1010
249,645,1401
297,319,375
154,1648
860,1522
140,784
247,274,1358
923,1877
184,550
60,266,1277,1287,1818
213,845
80,316
80,439,1806
182,1234
670,1869
313,736
19,25
249,1075
60,789
32,992
288,851
1380,1611
322,1259
43,279,347,431
179,343,936
3,77
54,349,1177
1,29,539,1337
404,437
295,1360
14,704,1284,1646
192,215
1102,1370,1702
608,772,1892
116,849
427,1162
64,176,442,951
144,839,1373
243,1269,1713
50,58
37,45,709,1583
19,576
444,449,643,1866
507,1045,1159
34,1183
81,373,1915
16,380,1502,1518
244,1233,1639
495,865,969
31,448,1142
266,273,520
704,879,1537,1626,1801
338,502
92,325
501,821,1474,1821
7,1499
105,108
980,1103
966,1073
66,119
1390,1782
10,744,1118
345,492
375,551
148,346,564
825,1961
22,177,369
104,1011
250,309,1324
500,611
20,452,1753
127,484,745,1597
337,511,783,1174
402,661
4,275,833
648,726,1052,1110
1018,1132,1852
64,225
571,1019,1249
440,456,721,1169
586,1038,1381
33,293
55,67,101,1576
661,695
40,1199
233,835,1199
47,1394
122,1567
336,1696
113,538,888,1641
62,1124
558,736,780,834
197,409
176,758
1105,1538
58,1084
729,933
1126,1503
10,520,1050,1689
365,941,1275,1363
33,64,605
79,218,715
1517,1595,1727
180,1437
93,198
5,659
109,1128
545,1524
480,1602
477,569,575,741
404,413
9,326,438,470
63,191
52,280
14,726,1366
474,1246
308,1925
259,1404
30,1365
112,1649
145,500
115,493
379,1448,1803
1,1369,1523
104,148,1784
48,76
1,1010
6,1093
495,597,1257
24,198,223
101,1400
17,187,1000
50,308
289,1473
35,540
117,127,1078,1378,1736
64,185
634,1319
1008,1345
748,1599
323,402
166,504,644
71,305
88,278,1904
1126,1594
230,854
911,1557
222,920,1329
29,131,229,576
1002,1244
1562,1690
1234,1858
198,1007
62,485,1268
156,662,1200,1546
1235,1445
703,1417,1952
773,866
1455,1823
287,384,1225
1271,1595
400,878
734,1638
243,607
37,236,659
158,426,523,896,1278
178,201,615
115,248,659,1721
780,1174,1182
36,1083,1207
43,341,1100,1455
75,1165
392,1101
279,1718
1201,1562
28,1432,1891
493,701
57,215
400,739,1825,1915
1081,1134,1550
147,284,487
213,260,1670,1702
397,544
211,1080,1340
78,683,1314
36,1553
184,639
3,540
218,274
416,625,676
177,910,1102
4,878
374,625
486,822,904
41,151
216,846,1069
103,190,261
182,1433
156,217,600,1398
1460,1690
251,721
34,1425
459,585
85,322,580
71,589
70,469
591,1891
14,524,688
105,196,242,345
1014,1377
113,423,1069
487,1666
18,236
201,1552
450,1855
136,753,914,1596
108,1304
17,221
12,483
57,79,298,816
287,381,515
641,1201,1581
417,578,1548,1839
249,1125,1260
1143,1181,1947
1551,1571,1648,1737,1963
1,144,1195
131,576
451,721
19,239
408,1035,1839
451,607,879
177,204
165,476
40,75,198,1790
398,1458
1050,1601
321,1305
84,1699
1007,1891
90,151,1549,1820
67,741,1394,1432
903,1190
32,1451
18,597
860,1085
225,228
27,419
435,1598
571,655,740
238,516
37,324
353,363,957,1197
112,164,664
133,1766
1151,1193
87,586,822,942,1122
358,682,975
223,1296
516,708
135,266,494,512
331,868,1835
743,1147
138,878
983,1186,1798
739,1338
106,488
505,522,1455,1916,1925
78,80,118
163,929
52,488
86,385,593
93,615
1266,1318
1399,1573
151,153,188,706
1640,1905
87,296
203,513,700
48,1496,1791
10,15,100,939,1800
348,1493
598,748,900,1065
600,603,1026,1578
42,281,682,877
295,1912
97,231
56,1121
38,640
175,910,1231,1235
1538,1644
789,811
154,217
95,361
588,928
229,874
200,1773
511,661,1126
11,204,285,750
409,1063
484,916
22,67,82,259
103,1058
95,514,554
158,403
1158,1488
3,63,1657,1685
289,1031
14,1973
303,376
122,1682
276,504,507
39,1114
239,715,961
537,1304,1349
194,1240
77,358
291,1100
3,543
185,1724,1739
495,909,1293,1930
126,1637,1909
297,372,991
68,125
3,154,1230
452,466,921
40,169,556
54,416
37,373
182,1683
1049,1282
42,509,1116
182,1273
269,1435
424,1102
227,989
250,1259
309,1733
192,1088,1560
232,546
216,236
355,489
13,408,1431
345,1415
253,1362
511,858,1771
142,187
6,1822
280,573
26,55
60,229
63,212,310
879,1367
20,292,383,1724
251,293
484,1328
315,608,1917
758,791,1790
334,1954
118,489,1984
20,122
216,256,596,1575,1970
163,543
581,1397
78,941
205,1259,1613
36,202,1479,1535,1592
239,814,1524
42,1500
407,434
80,1505
41,317,1072,1094,1401
108,171,334,1269
310,642,1875
551,1636
424,1052
1556,1593,1752
4,1733
211,587
1,82,1156
255,388,946,1221,1905
1380,1913
10,1340
146,569,1149
194,1485
194,852
164,302
1404,1731
86,140,1092,1155
730,828
74,513,861,1262,1632
649,1092
274,535,1012
272,1061,1318
424,616
32,1808
455,1006,1592
188,1020
281,541
308,1253
358,885
28,122,246
1567,1862
59,104,312
701,979
591,1375,1439
85,1133
786,1228
655,1161
178,405,632
2,503
25,208
80,214
85,383,971
167,355,466
69,268,308
7,1575
8,1355,1850
26,57,110,305
95,1575
871,1319
5,668,1436
319,1861
17,63,95
34,622,1205
51,465,1111,1378
58,544,1184,1971
40,169,370,1075
60,1433
394,1854
26,310,599,1833
812,1412
528,1494
737,1087
81,124,1870
70,429,968
16,668,1222,1837
55,119,1232
76,265,1469
84,485
1230,1591
9,136,642
216,995
121,265
117,137,395,1429
1,1400
110,238,665
339,781
406,600
421,434,1211
80,394
165,705,1569,2000
241,276
76,1457,1990
461,901
51,1700
777,977
185,849,1057
493,760
543,1408,1912
26,189,1256,1914,1973
32,331
236,1196
86,237,595
266,1329
483,873,1015
217,1779
13,199
135,239,578
1242,1761
12,1507
598,1118
81,1076,1338
4,33,1628
249,1544
7,231
103,419
251,341,425
993,1507
398,1435
795,1244,1864
34,136,275,341
938,1916
97,209
9,138
1413,1458
212,426
3,365,439,616
51,290
167,952
493,683,982
51,224,1243,1325,1840
208,1415
54,213
64,710
764,1513
182,183,213,240
108,168
1081,1720
273,452,1771
87,315,811,968
378,1436
107,1210
154,846,1384
529,976
12,24,417,1951
27,66
170,518,583,1160,1491
165,565,890
161,197,356,1605
53,300,812,1993
628,832
167,230,273,331,1440
173,416,431,919,1481
122,126,250,1325,1665
198,249
264,606,696
223,382
62,1187
10,100
56,237,1112
38,1085
113,504,1351
99,503,1758
491,1738
559,1136
1,670
540,1028,1678
355,1439
505,859
36,317,1060
413,952
105,1668
214,601
26,395
136,246,956,1205,1857
13,1186,1367
89,967,1485,1656
42,1143
43,1772
176,469,876
21,724,1212,1356
72,102
44,846
91,586
1316,1707
434,441,445
160,731,950,1123
681,775
488,649
376,1758
149,762
12,543,739
455,1033
4,570,860
352,1416,1618
15,1100,1868
263,367
101,323
969,1426
81,82,180
43,127
187,1539
68,200
64,923
140,407,1483,1767
138,829
880,1445,1590
499,1980
34,155
84,445,1526
265,445,540,1308,1878
232,490
13,49,333
197,1889
736,1547
5,443,1851
42,319
429,535,1392
36,67,1195,1270
352,920,1085
240,367
317,1077
217,405,712
160,935
210,315,413
633,1551,1582
114,366,1868
467,1156
471,1614
1361,1755
406,1762
51,137,447
12,950,958,1854
10,1300
14,149,385,1546
551,881
696,947,1146
1016,1725
117,1753
43,313
255,414
200,1639,1998
122,126,188
32,125,1014
116,385
89,317
15,1788
667,1108
1401,1511
867,1093,1335,1434
152,826
11,588,1025
45,760,1084
76,183
254,299
5,124,594
53,1128
77,877
1044,1725
68,315
180,555
1828,1960
287,351,374,417
98,579,1120
631,827
495,1808
123,166,420
208,1962
28,138,701
1094,1511
298,723
1406,1570
36,104,125
53,57,305,778,1959
436,1109
30,242
106,142
347,1352
84,268,1305,1905
42,140,400
494,1267
65,1923
18,1551
469,1441
272,366
24,801,1936
114,272,1104
144,975,1021,1555
155,1080
18,1003
106,1534
265,303,380,1418
166,740
29,51,436
9,42,309
274,504
143,1092,1483,1819
300,706
377,936,1993
1038,1075
128,468,1522
179,326,1292
1152,1351,1883
353,597,1976
256,551
93,249
206,225,840
104,322,515,704,1135
444,513
179,737
170,279
480,1452
9,28,1764
83,386
16,933
217,964,1940
13,125,223,822,826
30,439,574
1012,1956
141,1199
541,1058
14,383,1596,1853
141,187,427
25,1929
338,376,417
681,1309
124,408,455,906
110,1864
290,694,715
204,1117
792,1333,1352
91,292,585,1213
213,456
319,1565
5,174,569
221,1908
109,1079
397,721,942,1801,1882
153,1369
73,480
2,295,349,1018
231,1981
370,1540
291,341,524,1846
113,217
1096,1410
263,402,449,641
205,1632
298,1792
133,542,599
333,377
109,241
553,633
107,154
205,1213
872,1283
159,328,1156,1449
159,1711
77,247,302,1704
319,606
60,206,210,332
385,865,1783
151,170,177
304,460,527
15,579
50,113,441
372,384,1226,1353,1696
98,278,629
893,1039,1812
137,330,737
1251,1693
616,1758
165,949
52,56,843,1629
65,1565
396,818
91,1342
231,618
251,270,857
10,307
725,1210
9,130,390,1245
64,105,157,1405
5,136,1138
40,1225
129,1810
13,207,428
25,883
151,759,1298
32,1002
145,267,572
203,1493
146,220
169,174,1015
242,919
8,353,602,609
46,354,503
374,1715,1997
107,1056
323,957,1391
796,976
224,505,746,859
242,797
20,188,1415
348,1254
674,1509
127,670,1132
63,1604
539,849
1348,1750
12,733
276,451
195,1674
96,382,996,1480
73,118,1530
290,1247,1250
227,682
852,1003
98,1172,1323,1415,1779
138,362,828
58,177,246,1841
1437,1966
480,529,567
240,1545,1727
170,987
843,1495
70,1081,1101,1822
24,25,441,1962,1982
123,705,1972
631,1835
425,878,1988
79,1337
690,1391
6,31,104,291,913
460,1124
332,1042,1290
270,1385
642,947,1767
40,601,649,1336
46,1395,1998
41,61,118,1029,1334
353,458,1762
3,1102,1920,1924
144,278,755,996
245,731,1482
135,494
5,531
70,1686,1974
266,685
158,310,333,590
129,171,298,518
4,326,496,1921,1947
46,928
419,1080
109,201,692
1230,1258
148,1143
219,1161
392,566,1046,1419
5,18,121
236,1246,1315
389,785
894,1379
291,330,363
31,46
40,372
91,368
553,779,1096,1754
810,1598
118,358,567,753,1406
942,1527
17,776
538,704,977
51,436,1337
109,286
426,460,1152
101,1023,1331
290,572
38,1166
157,1105
886,1997
971,1477
127,506,982
257,289
403,874,1144
79,146
133,1330
86,94,1305
78,220,1967
462,1259
295,1411
146,1044
90,172,885
81,379
72,257
31,206,298
58,392,688
126,1295
847,1780
262,1934
102,289,476
136,461,1283
498,744,1371
139,180,1117,1377,1658
339,392
214,472,777
86,290,1563
125,520,856
163,171,211,539,948
44,277,446,693,1268
104,308,560,802
631,1439
997,1195
85,348,1151
63,499,778,1843
34,1511
166,274
139,199,222,287,547
129,200
120,1425
46,1323
662,1742
97,306,1186,1218,1482
154,1209
386,937
704,1999
92,415,805
40,369,1043
82,173,186,238
577,689
5,132
199,846,1885
40,1340
189,458,946
76,735
542,549
532,663,1149
39,128
14,223,1143
58,441
89,637,773
61,382,400,870
500,1931
411,1269
41,74
118,633,1257
233,300,1059
35,247
435,559
53,687
109,450
64,985
175,431
136,725
306,396,490,1177,1226
68,125,1398
1459,1658
2,249,1432
105,196,873,1687
440,504
825,1641
262,337,679
47,441,1203
20,354,990,1512,1909
1015,1871
834,1182
1175,1488
31,61
427,1181
302,1480
134,551,989
35,42,550,1534
369,499,736,838
137,1200
1104,1550
59,355,1353,1580,1658
79,793,1924
43,269,774
292,706
55,261,1277
592,1677
372,702,1584,1742
54,1904
52,978,1780
71,630
2,1473
11,473,781,1214
164,1564
22,160
17,81
661,1153
155,594,1810
370,486,596,804,810
1167,1431,1604
4,570
675,1265
117,598
69,329,339,857
501,1842
328,797
826,936
86,178,190,352
44,684
282,527,1239
1742,1926
303,878,1228
722,1108
117,393,1141
352,437,547
165,692
707,1118,1206
619,882
597,646
127,673,1992
17,40,1937
404,1249
728,981
295,1630
108,142,258,1713
84,1982
183,871
79,386,855
71,1417,1619
102,1131,1414
39,81,507,581
3,352,1495
159,1079
574,1136
131,639,1603
150,1349
14,1020
166,450,1231
54,627
26,184,584,749
175,1508,1518
24,577
29,61,1003,1089,1168
50,1945
77,372
22,146,227
96,1484
59,281
125,161
1115,1816
55,601,732
619,963,986,1841
149,1631
23,328,357,833
88,101
241,1989
37,501
294,1336
388,568
271,330,1209
1233,1888
53,145
382,475,720,1071,1980
120,230,331,1643
49,172
286,1610
26,57,1025
383,1325
24,25,50,716
147,289,841,1676
26,897,988
284,332
54,829
221,1513,1967
564,910,1053,1342
84,538,1030
268,387,502,793,1462
241,1540,1949
180,886,1953
184,1663
304,359
14,126
161,356,658,1824
245,1367
1,224
617,1836
73,309,976
143,428
198,813
1115,1330,1544
430,1517
32,635
4,1011,1255
169,815,986,1498
160,1861
473,733
131,1228,1574
26,310
134,367,1380
50,82
386,1103
72,1654
111,403
228,1648
11,55
972,1034,1736,1764
56,111,1136
148,832
289,679,970,1231
30,1228
20,100,183,1050
192,452,593
241,405
603,1524,1624,1955
242,470,1364,1624
330,711
3,540,1704
21,713,774,1182
503,528,1587
50,1954
1,528
4,21,440,1972
479,592
175,226
1114,1958
10,228
556,579,838
214,472
550,1464
398,413
509,609
104,1251
255,1016
1464,1975
119,864,1963
972,1772
73,111,162,740,803
8,188,215,443
202,1063,1451
6,44,189,1048
49,163,1534
235,754
22,1961
1391,1543
1102,1536,1960
87,296,698
127,697,981
175,431,1909,1938
848,1456,1691
57,389
325,785
16,782,1023
81,267
416,987
53,156,443,624
18,1881
316,453,1326
7,203,1362
21,461,1880
91,1469
505,1370
25,738
71,128,628
1,82,477,954
1250,1651
451,1699
479,1266,1526
604,766
949,1417,1789
30,208,296,924,1224
105,1953
89,669
72,116,339,498
779,855,1866,1900
281,423,1555
44,943,1069
778,936,1445,1907
4,283,1679
483,754,759
174,1436,1475
147,421,578,849
70,1554,1783
1591,1595,1805
323,1235
932,1478
167,221,647
59,86
43,732,1508
7,992,1122
30,519
253,1310
664,1259
282,1865
39,414,560,1262
201,955,1017
241,1964
733,814
690,931
105,676
29,1309
127,180,652,1706
217,1920
210,1663,1858
46,82,253,367
96,445
91,93,1449
455,841
1083,1732
329,454,1120
101,163,929
16,714,1708
25,122
191,451,800
449,643
209,252,1652
8,106,336
592,1090
174,378,426,626
32,125
131,297,1272
124,644,1716
299,1606
92,1025
176,193,198,1068
111,404
773,1142
54,206
96,464
301,580
180,462
642,1452
589,970,1498
10,32,508
1106,1612
40,614
816,1263
471,1214
456,613,946,1943
14,85,149,1324
505,589,751,1832
228,1050
164,1918
392,473,1888
78,130,652,784,883
801,1435
24,103,761,1089,1339
1284,1660
790,1039
54,595
3,40,422,886
28,434
111,494,1581
264,606,1933
112,1431,1477
83,198,336,1615
19,1468,1986
124,1421
48,72,213,235,264
61,155,376,1349
660,1502
397,1563
103,1055
130,485
53,305,325,354,1025
897,1378,1667,1914
157,1175
226,1893
1152,1601
625,741
392,1812
414,1599
446,1993
140,142,260
247,308,381,499,584
141,473,1905
1494,1611
457,888
489,773
335,1119,1731
27,830
368,414,1330
525,1191
210,338,416,985
161,168,1090
255,300
72,1390
1,547
394,1441
274,299,716
129,274
59,1312
548,1058
283,358,507,1289
1583,1718
225,1062,1204
31,555
109,440
47,952
7,60
150,1571
439,698
301,302
552,864
216,1338,1480
406,1392
440,559
394,495
431,450
9,981
1643,1945
10,188
1,33,436,1126
476,1122,1243
192,929,1616
245,871,1070
218,1577
182,701,1241
72,457,1503
140,1847
4,9
284,901,949
22,312
292,1366
37,127
260,845
1360,1896
687,862
138,493
663,1846
602,609
160,216,1753,1757
532,1079
325,1503,1527,1988
115,1625
785,1988
108,782,1100,1492
125,202,1074,1245
185,195
461,978
1070,1662,1768
16,282,1914
593,1006,1117
52,304,531,847,931
87,243,593
160,487,1949
415,532
330,1385
12,83,130,400,1079
185,504,727,1489,1559
547,1978
35,512,1428
116,1495
142,1576
15,90
15,717
87,775
74,596,1150,1170
112,141,1202
45,141,554,688,808
107,851,1144
340,964,1157,1359
39,887,1013
472,1299
16,60,1055,1255
60,1435
194,287,578,611,1363
318,649
445,1361
261,1375
19,49,101,216,1508
118,767
165,263,1148
344,356,658,1532
356,1778
206,314,646,1453
19,143,407
314,1188,1407
285,1713
267,1141,1781
563,1529
1038,1350,1424
114,744,1532
1171,1840
290,348
8,149,285,1579,1957
1746,1769
368,909,1198
177,680
423,1482
68,1372
141,1776
125,128,1512
25,1006
33,548,1916
716,1979
673,1138
360,1550
388,836
44,456,1196
304,337
40,233,871,884,1481
28,1139
342,924,1378,1996
96,679,1086,1694
62,713,938,1382,1956
308,911
830,938,1170
85,433,1068,1712
175,790
233,717
22,1214,1804
19,476,688
316,1579
16,18
23,80
711,1967
294,1603,1609
452,1011
119,198,1052
57,63,212,993
1388,1795
192,1015
58,738
72,553,1131,1414
36,487,1326,1984
69,1843
240,783
191,618,1073
498,1203
149,1431
74,164,402,900
29,333,858,964
758,1224
28,254
133,1295
255,569,1337,1630
352,1752
340,726,1311
78,139,414
836,1058
317,664
232,769
189,1940
890,1331
913,1516
1215,1281
51,83
294,352,391
478,506
912,1198,1517,1703,1799
123,1116
476,749
66,140,280,752
248,299,545,1413
1597,1810
11,927,945
392,1519
18,1160
562,1589,1908
152,310
128,666
287,493
44,871
52,365
755,1141
427,1471
375,521
1107,1672,1864
627,693,1173,1754
621,1786
21,31,211
179,1646
13,56
48,1185,1204
53,1207
815,1043
608,760
511,1888
486,1884
139,1595
13,40,506
43,278
74,643
563,978
203,1822
118,1556
298,811
2,1494,1852
335,699,837,1377,1706
422,1408
58,455
570,695,1239,1577
397,546
59,792
202,410,764
715,747,800
434,1487
350,435
19,382
12,512
163,516
152,212,282,325,785
47,1661
142,162,1828,1978
26,897
3,930
544,932
171,252
770,811
1003,1168,1509
15,172,275
99,188,678
929,1571,1759
130,884
1,718
533,1056
57,65
37,43
178,1612
454,1223
162,356,391,1491
89,469,1308
175,232,400,1097
702,786
596,1476
1217,1393,1962
477,1108
19,867,1868
279,653
113,457,888,1641
692,868
678,1869
241,925
1,374
13,143,326
614,970,1103
1616,1872
39,261,326
159,293,1716
599,1003,1893
627,1025,1086,1471
953,1521
309,1042
288,435
9,23,50
297,533,844
2,144,897
341,1123,1745
415,1946
998,1951
895,1701
85,92
4,634,657,1684,1825
1009,1145,1629
192,514
80,481,1706
313,722,1090,1382,1521
707,809
629,1305
1228,1730,1923
49,55
791,1267
2,19,1250
769,1527
17,223,368,600,1420
21,93
202,509
344,790,1902
116,223,1889
373,488
191,231,1898
35,441
289,584,1398
7,398
4,46,90,111
61,256
153,1315,1927
12,381,757,1328
22,33
670,1915
1134,1709
165,235,854
140,1034
204,1301
144,181,1206
78,1873
810,1049,1320
297,880,1613
150,1030,1249
52,823,1693
315,404,416,952
13,610,957
312,1161
30,937,1446,1977
381,1140
92,532,805
157,196
32,86,460,706
122,280
580,581
7,934
167,282
813,1985
243,270,455,1404
46,295
61,203,364,513,516
25,121,838
44,1206
1432,1493,1966
115,1063
22,674
21,198
96,227,558,770
94,226,688
477,833
8,151
32,945,1451
57,707
57,1939
108,1390
616,949
117,171,239,490,1895
1280,1823
136,1350
39,689
678,844
123,504,615
160,850,973
78,276,1325
777,1487
132,1721
1256,1705
34,587
21,25,120,511
51,166,205
107,1627
18,588,1839
93,256
283,1031
75,1075,1189,1773
242,332
648,898
75,303,833,1532,1661
166,644
215,410,1130
24,1455
47,137,166,369,1180
334,1450
57,342
99,194,1805
39,46,295,1958
16,572,1776,1841
45,110,350,1059
377,988,1636
214,397
15,309
255,374,799
369,684
372,1826
85,239,765
1216,1446
41,905
1005,1586
51,454
328,628,907
6,253,1062
391,583,711
461,1843
423,1473
112,139,951,1712
922,1198
147,332
370,492
283,990,1240,1796,1895
8,235,286,874
321,415
197,920
74,905
763,1605
56,86,132
1307,1507
6,31,449
449,891
73,283,885,1797
6,10,396
702,1996
35,371
512,1498,1970
336,812
72,86,1932,1980
68,277,1380
41,857
188,601,898,1724
320,1873
125,1987
300,443
175,868
29,1297
5,124
11,56,272
168,983
186,263,381
28,130,278
871,922
235,1186,1746,2000
273,280,718,1216
258,331
34,38,190,953,1085
1222,1811,1968
31,41
136,1438,1880
4,105,327,567,570
71,134,370
15,240
22,234
191,467,618
438,1239
334,562,1520
157,575,821,999
458,547
56,221,1490
45,620
62,81,223
265,859
121,230,1112
466,902
997,1777
24,805,1027
779,899,1014
801,1723,1800
134,815
213,310
284,876
151,1539
360,1061
66,142
111,276
133,147,431,1660
9,652
126,590,843,1110,1145
1180,1216
470,1364
234,456,1402,1830,1874
113,453
59,1007,1074,1131,1355
135,266
818,1323
52,174,822
182,359
164,1857
28,740
66,409,1112,1576
38,362,420,517
38,94,115,895,1159
1,771,1037
602,997
436,1432
227,625
61,513,641,864,1844
149,332
92,254,453
19,1652
3,35,870,1495
35,1546
1,13,311,969,1937
10,980,1647
197,1156
9,237,522,1493
954,1833
157,248,994
785,1784
887,1122
365,524,1083,1732
58,84,441
455,1242
1301,1624
1,509,750,1802
129,164,1638,1897
1150,1580
393,1428
124,132
255,544,1280
241,431
3,77,650
711,1646
1114,1821
164,200
71,93
77,751
482,1567
433,604
81,221
12,561,1165,1395,1570
98,850
425,1335
55,361
503,1587
44,97,160
36,68
1396,1403
134,215,316
1175,1719,1807
21,1007
926,1379
395,558,698
335,435,655,849
3,1827
1083,1417
357,1294
828,1047,1607
537,860
557,1787
169,409,753,1165,1390
2,96,1132
231,606
62,473
17,379,968
72,775
26,456,989,1021,1954
388,1125
595,820,1220
2,221
24,610,660,1811
1189,1796
934,1155
161,958,1238
92,1036
808,905,1046,1656
1010,1198
468,1550
98,158,210,320
596,1645
112,1207
28,123,515,590,1941
77,156,669,905
1375,1855
417,672
48,135,1634
436,532,824
65,541,1511
25,254,329
819,851
123,1520,1608
770,841,1566,1726
460,602,1563,1666
71,198
1085,1756,1931
591,926,1834
13,1112
148,1036,1211
159,1018
212,412
108,347,1147,1371
158,1466
399,1194
98,401
69,332
1044,1856
671,1665
420,662,884
68,319,841
210,1710
26,1811
395,1185
19,1286,1652
164,784
466,1875
558,831
425,1460
73,172,309,498,1016
546,845
56,237
31,74,205,1127
9,485
210,262,296
597,1173,1232
412,473,498,909
157,159,699
471,1126
355,868
540,1344
31,365,491,1128,1394
337,940
733,1051
236,444,1736
90,1493
45,424,947
1176,1875
1,207,432,1749
1196,1206
379,826
150,781,1118,1781
167,1298,1889,1980
412,508
435,728
126,1295,1691,1727
14,628
767,1996
981,1373
62,346,401,965
514,876
27,34,190,501,1312
102,905
165,1589,1729
898,1265
330,608
153,194
347,365
56,898
156,862
335,481
171,449,565,1913
114,168
415,464,679
166,759
614,1523,1896
65,94,1359
120,1440,1835
255,691
438,696
19,246
299,510,1036,1873,1876
197,1322
437,527
21,135,1068
90,570
200,252
189,672
118,162
113,348
398,1155
408,1197
1099,1361
1,370,1332
58,288,481,614,798
82,741,1760
187,827
405,617,1055
494,1836
37,661,1157
152,742,1109,1907
40,365
267,306,1685
283,944,1436,1639
68,1212
275,475,553,670,684
144,345
81,595
57,202
362,1488
70,80,457,538
259,742
58,564,1020
1461,1565
4,12,662,1135,1800
100,269
20,660
120,355,647
90,174,346
11,116,128,489,914
926,1474
5,378,563
322,1043
12,138,842,1139
1316,1476
45,789
99,175,524,732
193,567,1178,1429,1729
89,148,219,715
1238,1681
29,1795
1190,1877
7,463,1194
186,425
1218,1419
43,427,523,869,1124
359,1569
114,313,1029,1532
60,999,1472
20,1610
479,629,1463
30,338
13,945
360,1104
598,1222
210,756,1409
113,1320
429,1711,1948
229,882,1220
49,659
80,942,1771,1974
39,354,1114,1998
6,132,288,408
901,1204
344,1089
559,567
844,1826
65,1683
949,1644
65,964
28,399
48,255,1696
120,1385
159,241,1136
135,229
80,254,1254
929,1850
303,1164
539,799,1622,1952
5,158,730
295,1813
159,325,1679
32,202,1987
274,440
22,66,1457,1806
497,946
823,1947
74,620
418,1082
1302,1381
47,56,385
52,522
258,1383
158,488,536
356,703
277,1009,1501,1666
140,389
43,184,314,1465
70,166,1537
323,1330
680,1115,1367
557,1573
93,881
218,1968
349,543
149,1677
488,531,1129
49,142
311,738
116,326
106,1793
28,50,555
52,1167
362,601,1402,1449,1935
277,1651,1704
7,74,658
2,349,654,887,1938
61,205
178,1525
118,358,1282,1679
41,349,714,794
42,809
142,279,512
733,1952
105,259
9,1333,1784
63,405,561
479,1073,1472,1575
97,146,485,707
377,742
98,111,546,895,1395
734,1147,1965,1977
794,927
10,335
18,153,199
6,1690
670,1157
33,674
937,1578
296,391,1740
66,115,323
256,796,835,1193
702,1243
21,71,75,678
1047,1858
30,397
7,711,1749
355,553,603
163,1238
26,403,1273,1899
106,799,963
95,284,1318
754,872,1129
54,1037
75,648,1467,1942
292,461
339,472
37,99,745,1681,1831
3,77,302,956
227,1136
166,651
375,632,1827
34,394,1650,1695
18,96,194,306
572,844,1586
382,1054
107,619
50,258,1585
133,136
34,155,1166
26,665
302,1495
416,554,1478
620,808,1822,1838
310,325
338,1303,1347
85,400,673
573,1303
727,1234
6,449
68,1212,1568
774,796,966,1418
321,1146
48,250
60,268
1329,1340
109,201
119,131,1105
152,615,1296,1700
592,1757
88,1064
71,136,198,369,1802
7,191
103,313,640,1176
368,1140,1453
724,863
43,101,277,1006,1901
274,435
213,403,468
257,284,332,723
67,83,312
38,289,789,1021,1776
158,1588
248,300,1846
273,466
184,1934
548,708,973
38,177,925
552,619,963
79,338,389,564,1292
52,569
393,848,850
56,382,843,1082,1995
91,265,368,1010
214,1374
719,883
60,1735
28,370,407
384,1376
76,105,930
226,279
28,566,1015
965,1876
507,780,1488
467,884
23,68
714,762,804
689,1073
152,1018,1204
404,454,506
171,199,1757
1053,1145
215,1100,1846,1938
125,1022
825,1084
1262,1701
338,1770
22,596,1880
212,371,794,1527,1729
339,663
1611,1735
751,1428
14,112
278,697,861
74,666
54,205,1033
57,252,1256
7,39,141,494,1074
1233,1981
329,551,1870
127,703
88,1576,1641
203,444,448,951
1211,1897
605,1161
33,79,448
785,1034,1565
14,355,1040
302,519,1443
116,729,778,1278,1691
54,437
4,1530
169,1208
1272,1662
156,380,443
53,87,865,1760,1911
154,179,330,363
1,1350
633,1905
1111,1560
366,1521
63,308,1409
161,347
463,681,713,755
481,643,1360
582,634,1421
183,1814
217,278
151,706
187,286,1041,1223
219,234
10,183,260,307
116,131,862,863,1732
10,85,1050
933,1023,1455,1708,1774
88,1041
526,762
263,279
134,774,1007
288,387,1531,1849
43,433
488,664,1734
363,458
187,401,1158
147,684,840,1529
213,933,1580
423,1002,1701
220,757,1623,1751
333,445,678
543,1310,1568,1919
369,608,1900
22,157,748,1840
773,1045
937,1154,1803
69,700
101,114,1030
291,768
465,586,599
151,1173
227,486,1479
181,338
200,1869
447,686
227,298
212,1324
656,708,825
501,1229
509,530,533,1536
175,1869
902,1640
22,159,312,937,1559
310,744
1346,1841
301,395
7,1768
18,107
61,1127
795,991,1958
372,1469
762,962,1386
288,554
813,1872
774,1332,1544
305,623
271,1528
3,491,540
1621,1897,1974
449,798
33,1881
143,1125
260,315,364
188,302
84,149,188
315,857,1478
14,149,1649
200,297,533,560
14,16,768
212,377,1445
464,478,1185,1192
295,654
343,462
226,278,347,1455
128,140
65,92,200,564,1019
863,954,1347
275,407
36,653,869
181,270,1837
99,1071
927,1275
51,290,481,1907
1283,1679
193,1372
337,387
575,806,1182,1205
184,314
131,820
894,925
27,109,821,1484
19,72,1171
285,922,1986
42,1767,1967
1372,1639
220,1688
197,520
209,252
60,525,1433
123,615,651,681,765
221,1953
343,614
624,1358
214,316
152,988
429,878
38,546
899,973
646,1015,1225,1969
41,317,713
43,981
251,1682
41,1046,1261
4,111,885
142,163
393,430,1197
483,1558
397,636
332,536
139,1110,1140
665,1798
49,722
1442,1603
62,1558
389,556,1021,1929
266,712
13,324,622,687,1965
12,220,875
108,124,871,1314,1854
31,864,1613
20,1135,1497
162,283
319,844,1153,1857
5,46,1323,1587
527,818,1541
114,982
230,1969
890,1848
339,1710
309,567,752,895,1797
98,749,1049
135,753,1038
169,693
26,444,1094,1230
50,152,154,220,1349
176,471,508,633,911
177,193,204
7,9,45,941,1140
226,1846
445,531,1992
69,164,297,1033,1857
406,1366
41,267
111,1436,1529
27,186,1365,1866
347,1850
92,1192
1855,1895
49,61,89,253,317
587,791,1484,1836
129,164,511
167,814
934,1111,1776
765,910,1231
479,1910
13,96
482,603
1589,1971
61,1852
37,226
114,348,360,507,1671
291,1438
116,1137
275,612,710,1530
51,322
192,1224
233,398,1155,1614
257,281,1124
303,431,1697
712,1541
37,139,1221,1723
214,942,1648
266,462,666
246,963
144,185,196
22,138,362,374,778
243,407
1246,1715
162,275,1087
133,407
8,49,873,1047,1243
99,143,517,1290,1525
514,646,1904
163,170
106,336
978,1036
305,1907
28,157,1350
22,52,1154
197,761
1241,1806
17,720
140,202,1039
436,1839
22,1437
1291,1468
38,261,405,920
36,761,866,1144
127,1306
47,145,183,1054
10,1484
138,814
950,1480
677,1641
182,420
656,907
479,954,1078
17,877,1420
178,640,1290
226,278,1431,1743
15,820
705,1343
240,369
583,867,1290
129,758,1289
24,515
144,1091
31,401
85,898,1110,1762
557,807
43,130,785
829,1812
17,385
1798,1926
43,1369
172,1452
442,1117
37,341,828
102,1026
555,701
13,972
950,1199
251,727,1067
22,962
244,1072
348,1645
67,159,501
156,901
328,1052
9,628,1736
191,231,467,493
524,967
498,703,1646
326,379,776,843
402,420
224,747,938
38,92
650,867,1042
436,1012
558,906
1298,1584
611,1021
54,83,1161,1405,1856
365,1009
183,1723
588,1363
917,1398
154,238
44,423
467,577
19,275,478,1740
9,208,770,819
259,840
72,1214
190,1946
29,532,1650
219,657,1291
14,1268,1392
832,1092
1399,1539
337,841,1939
111,162,568
549,568,856,862
340,1248
127,178
1366,1821
106,1685
51,64,174,254
343,467
512,1229
8,66,1406
109,123,201,435
638,720
127,825
134,449,548,936
320,1950
42,565,1017
76,1922
435,1940
95,1438,1709
6,967
149,1732
90,153,747
486,1132
152,277,515,802
1528,1644
796,986,1867
129,560
248,855
457,1069,1523,1927
47,93,525
351,471,1163
462,551
209,232,287,525,899
69,876
972,1265
443,1219
8,131,1477
200,991
52,1981
253,519
47,257,935,952,1308
23,218,277
161,383
434,1022
21,462
159,1451
267,351
27,44,300,797
170,411,853
75,128
421,1359
630,899
531,978,1251,1421
62,1202
88,496
368,746
178,307
36,1423,1842
30,368,458,880,1252
137,176,1164
32,215
85,534,633,1091
95,185,849
211,1886
143,381
37,697
217,379
270,518,1630
134,1066
5,15
5,987,1734
159,185,301,492
17,244,390,1173
112,1671
239,1634
167,230,331,1403
333,442,1998
458,1285,1663
1103,1971
958,1938
851,1290,1308
40,82,182,514
140,346,1825
257,329
198,774
644,716
599,675,1236
98,1167
2,654
72,176,301
50,1657
314,1357,1834,1942
150,1067
621,1944
19,377,601
72,341
513,905
71,1140,1286,1504
389,794
623,897
680,1902
279,653,762
10,1633
71,1510
436,1656
447,797
170,1001
59,655
174,522,730,756
62,1071
1066,1344
1120,1499
119,533
156,161
485,996
798,1852
151,1196
30,162,967
27,984
10,94,275,1081
31,638
64,146,475
95,539,1934
186,864
202,992
3,1879
120,631
36,207,1358
251,1011,1719
223,532
287,1906,1969,1994
237,1118
305,573,727
771,788,1667
1341,1697
71,1690
366,730,944
835,1872
303,380,745
324,1277,1675
2,496
87,1683,1867
24,642
155,249,318,461,1289
613,1452
1339,1746
5,107,1266
1101,1162
410,1311
46,58,1426
82,1893
91,1147
16,376
150,240
323,495,1047,1791
93,785,1256
383,531,739
56,326
201,206,773
538,1880
33,837
114,658,703
591,1835
34,470
9,185,214,298,569
471,996
728,1407
759,983
699,1900
867,901,1227
23,229,338
17,155,313,314,453
16,1150
446,645,1450
15,73,803,810
262,437
1128,1359
66,457
169,218,870
101,1539
61,1460
16,127
154,1491,1762
233,398,955,1239
212,340,1131
47,69,240,502
15,90,767
245,281
99,279
108,171,231
285,723,1024,1457,1930
176,589,1348
34,363,1844
72,1249,1550
260,465
38,866,1603,1703
207,211,640,1125,1842
428,1387
348,636,704,879
406,1020,1477
69,475,843
7,422
282,371,1956
342,1833
88,518
146,1088,1377,1774
195,262,1654
102,1111,1578
248,344
48,1204
140,190,537,717,1815
57,79,736
497,1177,1369
396,404,468,563,672
6,1602
999,1335,1483
182,1506
1120,1638
55,323,403
90,1531,1869
163,1225,1590
394,666,749
552,1286
122,378,1399,1960
1687,1717,1936
340,1898
890,1376,1772
737,887
250,675
230,421
202,210,1445,1963
581,1778
360,987
127,1109,1245
556,1032
79,114,126,1444
433,1763
120,477
312,1093
450,1637
274,1106
262,1775
251,1803
412,623
490,1553
725,1168
119,151,1742
283,710
198,321,371,746,1276
279,291,524
297,1720
441,814
302,371
294,692
128,589
106,361
11,1456,1476
372,1859,1925
559,683,1097
393,1299
352,734
47,1033
148,1102
1116,1627,1659
76,1020,1307,1678,1800
108,581,928
98,349,671,1094
1509,1972
136,1309
137,217,1640,1920
491,786
446,889
3,23
17,960,1287
1479,1602
54,1453
96,671
78,1881
46,209,1668
79,193,844,1997
362,1191,1551
39,887
135,1043
104,167
228,404,488
356,954,1164
50,120,1372
116,521,776
334,474
324,436,1716
896,997
8,1610
76,505
6,155,712
211,712,1312
93,1097
44,474
157,976,1605
13,55,286
6,184,637
217,999
39,227,354,654
194,411
697,933
146,335
103,190,617,1055
52,96
292,1631
480,1243
351,752,926
444,1335
835,1942
119,154,520
65,94,131,340,1410
237,326,598
332,985,988,1533
9,33
171,613,882
130,346,1056,1376
13,576,1302
300,1722
287,1354
89,205,766,808
603,756
83,205,674,1829
83,227,567,930
669,1326,1608
208,209,325
781,1582
19,1396,1645
53,152
27,1752
11,948,1060
242,1470
87,311,404,1457
202,1451
31,186
28,258,428
55,857
203,1887
19,1637
59,152,196
255,687,769
5,307,1046
679,805
40,86
221,990
285,577,945,1928,1937
94,1673
323,1783
70,397,538
258,625
16,1968
109,274,440,1012
269,307
1396,1867
103,984
340,831,1432
114,247,272
78,858,948
1159,1730
517,1246
320,702,873,1063
71,1802
19,1865
203,1155,1281
179,1223
26,880,1515,1894
4,612
508,911,1883
23,142,234,404,735
292,779,1554,1828
88,115,706,1644
42,65,602,1355,1856
563,595
369,463,815,1659
409,583
525,1584
26,39,887,1323,1639
57,163
1416,1860
45,138,515,1522
307,1050,1616
15,231,766,989,1018
65,1089,1252,1538
130,1096
135,589
19,177,1370
190,640
76,220
168,562,1143
237,637
396,500
16,43
82,207,953,1188,1886
344,368
1216,1853
52,57
194,1569
70,113
443,1221
92,462
352,481,496,557,1061
427,526
88,433,781
70,380,859,1296,1518
260,819
72,222,521
364,1162,1919
10,100,1462
500,1367
798,1013,1812
28,533,1454
43,616
635,764,1788
276,1953
245,1627
236,860,1096
107,283,539,1722
210,268,297,367
145,169,837
699,711,1824
821,1023
144,317,1388,1657
410,527
70,80,829,1579,1608
612,1193,1786,1831
46,673
592,817
125,155,185,1264
157,161
107,1123
47,793
79,82,1313,1739
137,154,416
224,1890
71,813
168,210,243,597,1407
26,79,1389
172,1279,1288
66,235,465,874
14,322,1497
17,600
206,789
459,823,1508
301,1292
205,883,1014
166,1687
379,382,1071,1082
126,1020,1947
18,201,1156
562,1490
40,335,666,1408
333,1400
121,868
49,529,544,1418
272,1720
48,95,97,243,296
259,1580,1706
55,1218
15,162,1171,1406
104,1201,1237,1482
438,663
150,240,1808
153,359,523,593
21,71,134
183,980
27,35,1402
69,147
91,1942
1098,1137
8,1854
112,159,234
341,356,617,1634
18,1397
278,753,1217
6,448
41,269,364,1647
123,291
563,795
59,195,784,1446
186,516
245,1435,1647
103,178
28,1847
1134,1756
171,334,1411
691,1215
11,264,1458
103,155
58,228,272,1335
480,788
171,944,1154
917,1209
686,1171,1217
261,1106
850,1304
83,694,1935
54,1285
69,85,103
226,982
62,1036
378,546,559
27,447,821,941,1145
271,518
46,85,371,1853
132,468,822,830,1666
342,1407
136,249,579
108,171,1065
86,223,1908
61,766,1261
385,392,577,1133,1573
653,782
1504,1747
465,759,827,1806
764,863
196,1373
90,480,752,895
8,49,1087
847,1357,1393,1412
1321,1411,1414
46,1034
241,559
9,24
227,311
411,737
181,735
304,813
42,1982
853,960
141,812
584,1318
11,1286
131,225,544
99,232,535,1346
84,434
662,1780
1054,1076,1546
37,842
94,871
281,1788
405,806,1548
47,1412
162,1049
218,269
193,1361
47,54,182
63,848,1028
270,1033,1878
10,1741
196,552,1191,1743
564,1243,1746
89,281,769,943
291,526,959,1306,1681
538,896
38,493,803,1566
109,1426
250,675,726,951,1793
568,1623
1200,1505
4,312,1582,1683
2,297
303,1113
84,760,875
758,1289,1899
1633,1962
826,924
41,103
14,719
164,438,443
1303,1401
88,444,1047,1721
200,1185,1397
41,364,529
104,902,1395
15,118
345,360,1285
105,224,1787
230,647,921
75,1241,1918
484,510
186,1101,1261,1969
47,413,554
557,1160,1274
710,726,1589
114,737,1605
799,804
511,582,869,1983
317,392,773
167,505,906
216,1421
264,502
67,181
163,959
695,1430,1708
41,74,89,317,1260
1,1289,1966
771,1172
344,1040
392,637
47,60,337
30,545,623
216,264,281
332,464
417,498,639,1705,1742
133,136,432,737,1423
271,437
235,399,1078,1442
357,1636
33,1506
960,1123,1338,1765
109,1358
35,96
47,173
136,1032,1327
96,1832
246,749
762,1343
345,682,1463,1749
55,514,650,1713
7,79,374
413,566,646
16,99,219,1718
120,1468
520,1173
1826,1982
26,111,1591
21,343,1659,1872
99,550,1389
34,1453
43,305
37,360,366,1601
111,309
61,375,1474,1895
659,1528
508,566,1328
23,145,1014,1524
14,482,1061
78,128,734
167,557,966
35,1609
667,719,1015,1355
449,589
3,947
1072,1291,1684
376,1369
258,346
145,180
1456,1793
251,502
194,281,458,500
179,1826
66,465,731
477,1514
189,562,809
59,1413,1744
347,1856
12,25,424
94,250,269,1614
291,1386
1874,1959
7,1198
18,1176,1792
829,891
228,885
1231,1552
628,1034,1361,1817
218,467,1632
116,211,415,924,1711
107,721
74,1635
83,519
421,832
142,182,1144,1322
268,454,1340
53,826
788,1572
710,1560
16,521,919
1089,1871
119,192
413,1242
48,144
1013,1139,1721
294,920
61,74
6,403
112,216,836
122,333,758,1970
200,430
86,494
12,75,178,231,1256
586,1496
121,351,880,1187
234,1014
233,367
1308,1789
619,688
1061,1543
22,403,493
6,1770
47,69,145
33,903,1767
82,625,1154
178,211
207,1612
294,1073,1934
440,504,1235,1427
268,1867,1938
340,1574
561,1515
280,575
27,1433,1664
70,791,1060
535,1397
317,937,1501
174,756,1837
478,629,938,1179
442,1799
657,698,1192
451,1341
193,1038
430,1201
728,880
200,1163
837,1391
37,1554
211,625,931
522,931
401,1352
594,1748
381,1064
254,429
145,242,1533
101,1754
11,1503
756,1420
317,731,742
194,255
563,1435
263,864
100,1103
33,1966
792,921
149,909
29,317,364,448
590,1483
181,1488
32,1777,1852
353,1715
165,1942
70,790
118,1815
344,703
465,1232
191,447
632,661,1023
8,424
4,387
105,547,1564
607,1951
199,888
359,1983
94,651
1594,1680
79,833,922
175,270
5,634,1382
64,83,248,1309,1392
10,100,1241
462,1285,1661
208,545
54,79,105
66,522,1662
35,247,1879
1023,1269
252,1687
414,1005
58,299,390,400
832,907
293,328,420
614,1072
413,585,667,914,1708
23,301,990
1203,1321,1413
268,787,1878
309,752
1281,1957
224,328,1656
660,1154
67,271
268,1067,1676
3,378
1246,1304
135,337,697
254,450
629,886,1348,1450,1855
6,626
1,100,1759
1088,1538
276,632
1012,1133
119,1317,1607
12,50,140,1890
214,720,1990
851,1892
1070,1536
102,438
36,316,637,659
222,1403,1577
209,714
336,705
95,141,988,1292
192,410,492,617
14,406
852,1065,1390,1489,1777
119,187,382,627,1241
165,1319,1859
402,1083,1502
255,336
155,252,1465
289,374
341,402,1238
83,286,381,750
299,621,1119,1138
189,228
167,350,755,875
113,805
147,1297,1661
158,399,1129,1626
4,752
103,1424
23,601
1174,1208,1899
90,172
277,1013,1421,1510,1622
256,387
66,645,800
248,803,881,1459
64,82
77,133,208
101,1112
16,346,645,726
904,1172
162,263,274
258,677,1004
885,1741
357,1137
84,281,312,1386
695,955,1989
123,1235
112,383,389
509,1163
8,1322
6,1434
126,1917
225,1598
84,819
380,382,470
1497,1554
259,294,501,1009,1100
24,208,875
206,397
418,1834
128,674
263,378,1449,1912
232,1726
383,575
239,683,889,1000
668,1529
732,1188
642,1700
87,288,1784
696,909
155,419
5,132,904,1362
321,464,1984
568,862
72,91,644
65,1516
143,1370
73,534
91,1010
84,352
27,964
38,155,1886
10,228,1800
549,1137,1827
826,1434,1680
267,394,1845
237,370,918,1799
67,124,1222,1623,1748
344,1734
204,1684
571,683,916
311,455,985
87,211,1609
379,452,1400,1676
26,110,499
114,168,1475
180,618,1028
214,348
313,763,1824
346,478
35,429,1406
1077,1964
610,654,971
351,850
145,668
2,169,676,862
1389,1704
44,1316
69,548,1514
296,985
71,128,136,684
110,1180,1234,1783
177,246,892,1298
174,634,931,1129
526,745,949
30,33
19,246,1637
1153,1288
29,379
52,194,1874
38,1456,1605,1651
489,723,1440
779,1355
959,1067,1740
359,853,1562,1792
21,34,117,1427
163,483,496,550,1915
438,745
137,456,1054
189,497,883,1936
143,918
162,1253,1282,1320
511,1848
45,402,439,788
160,487,1095,1949
910,1437
76,432,1078
199,417,807,1465
253,766
171,1339
86,1040
656,722,801
92,310,773,1181
165,166,615
270,286,652,1105
196,460,1208
640,1653
99,1774,1831
8,28,84
266,407
36,178,202,1245
177,986
19,1072
318,424,1688
494,1115,1229
1095,1731
97,1061
69,87,793,1287
367,1045
219,700,748
358,767
41,263,366
1149,1598
327,509
1045,1288
308,1467
997,1167
20,514,974
4,1495
27,294
968,1314
168,318,1149
222,527,1147,1974
66,1575,1975
1203,1879
245,613,1201
45,312
101,195
652,832,1036,1381
91,482
11,74,209,501
431,982
408,1512,1565
56,1264
39,654
157,492
191,231
90,1818
290,386
21,461,551,870
164,327,714,1153,1237
534,710
106,163,706,1816
137,271
153,928
104,1403,1737
216,351,557
582,1797
100,269,664
122,123,347,474
250,580
69,1785
77,956
90,630,1288,1828
199,208,566
414,490,1004,1274
23,237,933
904,1321
78,647,878,1819
391,470
311,1991
145,491
149,1671
12,358
73,181
243,284
588,852,1371
212,788,1636,1959
50,220,517
95,243,337
34,93,176,512,834
887,1630
956,1719
468,1352
639,770
292,713,1516
196,322,607
87,418,437,1775
31,263,513
210,1042
798,1630,1781
62,116,751,843
135,287
422,1768
543,1987
362,682
116,142,330
732,1164,1474
37,1823
18,299,709
222,1240
9,94
112,859,932,1065
512,1165,1870
123,1044
397,621,776,1297,1832
102,209,351,1745
189,1226
490,900
514,1625
233,858,1680,1862
11,633
30,234
80,1448
484,998,1341
124,403,830,1890
224,540,1136
942,1699
262,1357
25,138,1125,1139
369,371,918,985
47,87
195,1871
210,789,1273
91,1261,1635
44,1000
156,697
724,1541
48,1219
76,212,426
21,736
153,212,876
46,354,1269,1634
18,28,126
181,362
323,945
121,167,1158
173,1091,1584
128,1547
24,565
987,1504
336,894,1548
146,432
126,1596
148,164,1253,1262
201,276
193,1005,1323,1443
200,375
578,1035
26,993
363,563
21,596
29,1598
56,62,93
109,126,203,440,509
10,503
233,1667
181,280,429,719
144,597,1087,1697
1046,1485
526,626,902
166,1933
2,94
1128,1730
150,1910
375,1116,1810
1393,1948
114,907,1617
99,529
1366,1631
100,271
310,690,900,1367
417,500
53,1294,1416,1874
915,1090
185,366,583,1069,1592
23,1156
36,701,1358
288,315
65,820,1096,1228
916,1745
21,193,1008
245,384,474
176,1899
43,1508
67,1186,1509
211,261,866
170,830,868,1210
61,162
191,221,1490
91,242,1607
64,699,704
36,724,1615,1724,1735
131,440
556,1008
64,209,457
1240,1753,1855
450,853
497,569,1755
28,37,97,316
48,156
33,181,293
311,416,562,1244
168,590
45,152,1320
211,846
208,297,535,1966
168,377,389
1365,1711
113,803
184,262
196,1048
106,192,323,1461
23,110,922,1071,1179
429,602,911
186,798,1692
609,739
486,602,869,1381
148,1006,1328
78,1063
491,893,1388,1506
21,355,1016,1254
516,847
839,1858
102,234,1272,1457
70,118,242,1801
52,1675
279,690,1196
187,235,722
62,406,1490
671,1184
89,1065,1084
160,1151,1470
309,691
261,1665,1686
40,1032
54,95,288,289
821,894,1166
209,1948
824,1832
47,240,1110
24,1020,1816
83,648,649,1245
499,1430,1830
329,426,1178
184,311,1120
268,846
23,30,804,962
741,1977
775,1859,1862
51,1152
48,300,1710
673,1631
27,103
411,581,1236
117,122,1000
54,1242
88,1808
33,92,96,629,1677
25,590
138,566
38,207,984,1525
593,1775
252,1132,1441
1278,1466
135,169,681,1032,1066
38,973,1226
1031,1244,1404
59,252,302,1694
533,655
2,528
109,577,1148,1921
365,1492
658,1001,1382
2,46
1143,1202
60,95
101,187
54,182,284,1067
98,204
1141,1507
229,1814
388,624,692,1342,1561
300,1276
49,983
1146,1460
232,364,396,411
366,616,890,1860
144,166,651
8,325,1104
33,772,820,1932
309,810
141,442,1145
7,151,1100
133,160,1056,1823
55,120,1957
196,590,1138,1397,1500
167,921,1158,1385
256,813
52,801
191,275,452
20,1497
690,1489
938,1556
624,644
86,127,237
54,1426
408,892,1465
542,873,1401,1612,1863
154,235,287,417
48,1099,1360
82,1152
117,226,250
264,1110
18,239,1304
34,712,926
184,858
90,275,460
29,155,1229
47,58,453,1914
315,599,968,1404
39,1876
283,1320
68,948,1019
30,67,306,740,1488
98,944
603,1883
162,842,1471
105,1804
29,345,930
273,936
57,923
190,249,1843
39,1026,1060
510,783,1522,1819
41,50,254
473,606,996,1946
14,20
174,190
278,653
420,646
46,718,912
681,829
110,310,1918
3,247,639,1375
138,467
46,349,845
23,1423
115,1754
438,1276
55,360,1409,1892
96,219,1276,1694
247,371,1990
452,1674
73,358,942
195,409,1961
139,172,261,974,1392
74,1178
2,766,1260,1510
180,605,857
229,1610
257,426,1115,1540
282,296
34,729
574,1467
344,1263
91,146,235,1244
35,591,810
11,253,264,948,1557
60,69
147,296,793,1247
399,729,1181
654,841
430,1461
509,1586,1660
561,1717
128,694,1578
108,519,1586,1950
572,655,1965
38,98,257,856
5,132,861,1896
685,835
124,174,427
602,888
570,1279
90,99,1053,1557
157,1423
633,1288
184,270
55,1376
30,64,886
37,303,903,1430
506,698
70,636,708
551,1207,1558
23,301
936,1307,1524,1860
203,263,448,891
1567,1595
17,298
60,150,1892
271,900,1491
50,74,92,244
16,980
107,537,555,807,1480
427,523,944
125,329,1259,1414
400,423,1964
75,842
502,612,1349,1963
511,609
170,313
631,1279
10,181,1347,1354
593,1059
19,1979
195,1063,1400
320,426,546
225,344,1446
94,203,1201
27,34,207,211,712
29,229
366,1266
453,825,1122,1374
421,733
69,132,979
192,950,1348
930,1952
459,1733
825,1697
7,236,618,1577
21,134
110,1109,1378
1472,1818
192,394
1062,1785
167,177,781,1585
56,223,585,1995
664,675,726
138,604
146,175
6,1310
1763,1968
396,1038
38,405
80,83,106,748
587,658,800
775,1271
151,1425
138,484,757,1383
517,1593
498,542,1111
128,139
124,1582
28,546,722,766,1088
70,1648,1699
130,299,998,1487,1553
1313,1394
84,188
201,1892
37,664
1221,1642
179,941
9,220,1274,1486,1740
121,1353,1440,1719
432,439,1303
25,584,1588
361,1670
363,1209
62,1076
97,804
413,451
18,334,1069
258,1261,1502
237,1092,1268,1574
154,179,461,1135
1205,1437
477,624
19,1033
517,571
530,1512,1859
12,42,554
544,1107
193,343,1766
5,132,1884
183,228,1225
70,166,338,393,1026
13,1064,1257
81,720
158,832,1822
62,116,843,1978
48,1045,1219
145,735
130,1139
234,399
93,650,1079,1091
630,895
138,1454
1117,1548
695,972
50,98,104
631,647
43,1343,1823
373,830
10,269
253,908
239,616,1252,1499
488,595
170,1040,1399
831,1561
429,1051,1945
929,1024,1144,1224
21,40,133
19,246,322
85,971
62,390,1452
199,807
278,751
34,622,1894,1901
1170,1533
37,1743
186,1070,1957
1642,1804
12,555
78,1693
8,390,1424
55,83
791,870
6,110
32,36,59,1459
104,194,1555
75,173,1298
342,389,1025
81,385
474,1523
207,316,640,1364
87,288,727
1,22,481
41,253,1334,1519,1602
179,243,1357
232,588,1275,1788
75,133
793,1055
542,775
150,876
178,1206
259,719,855,1654
579,1472
150,483,1900
469,1280,1308
276,731,809
768,1241
23,1327
102,496
152,1923
123,165
228,1462
13,213
22,439
166,604,623,1113
88,610,1218
34,150,955
492,624,705,1972
337,1271
93,1329,1881
51,513
1777,1906
441,739
201,1481
635,1505
91,187,284,1484,1628
1213,1653
319,1116,1887
117,236,763,1685
322,580,618
119,223,1644
12,318,998,1817
67,71
143,1035
291,461
596,1038
124,1728
603,1284
365,1725
113,333,825
7,71
204,529,638
487,1931
130,998
418,653,716
144,159,280,301,1154
6,89,1566
76,346
30,197,299,526
1469,1798
76,84,997,1669
232,446,480
747,974,1692
80,1414,1815
88,902,1062
22,99
397,721
727,1557
18,351,497,565,1003
110,1489
84,889
1356,1448
603,1793
620,1127
291,304,465
59,121,167,1183
12,890
224,334,613,1003
329,518
77,1585
65,1878,1923
69,262,639
173,610,959,1798
271,1362,2000
25,249,814
217,776
193,589,1794
384,1949
117,1480
68,85,149,898,1315
48,1642
463,596,666,1097
28,493,1036,1274
1321,1769
146,574,601,630,743
105,655,849,1564,1875
143,1847
98,626,960
506,1345
47,92,274
44,129,422
165,387,787
7,156,390,605,1315
45,115,496
257,342,1068,1844
470,1352,1748
1344,1879
711,1030,1251
11,113,456
836,1722
12,1672,1887
59,479,674
31,89,670
286,1064,1112
80,932
31,74
77,137,282,1443
348,977
132,188
124,392,602
18,151,367,851,1393
380,678
105,359
47,455,607,1271
17,919,1932
49,677,1342,1613,1756
232,1661
1088,1976
200,414
81,148,358,555
61,113,185,388,1620
32,717
273,1429
443,1619
208,445,485
153,1383,1817
1,1786
249,406,478,1416,1626
172,263,792,1994
128,838,1043
38,103,920
230,647
816,1543
59,184,320
267,423,1079
3,124,1655,1690
65,245
887,1374
13,163
240,367,454,935,1930
412,473
190,1516,1525
801,1689
33,100,148,260
815,819
428,1899
375,560,802,1189
36,863
205,1005
84,1004
138,510
329,591,865,1478
188,322,383,684
106,115
353,409,1041
134,1075,1870,1985
318,842
165,624,765
679,912
714,879
358,1996
136,1814
72,97,1053
372,1068
219,398,1665
94,698,964
608,898,1063,1149
105,453
40,575,1405
396,490,1692,1929
313,1233,1837
25,321,395
1064,1552
97,446,707,961
88,1816
653,1802,1970
29,97,1515
458,1450
20,122,580,1614
21,405,478
130,173,396
257,420,608
258,407
178,1312
56,471,955
335,733,1321
1121,1137
231,488,538
3,129,565
253,1188,1835
250,1031,1077,1490
195,559,595,1190
147,1120
516,715
356,958
20,1324
14,110,270,890
439,573
232,1447,1675,1791
221,595
702,1924
520,1955
215,863,1250,1987
657,1184
120,331
970,1068
102,260,1321,1894
32,1360
26,280,1338,1494
43,109,1686,1732
96,1068
39,354
15,940,1570
106,1224
523,1141
1353,1643
974,1284,1496
1041,1210,1969
660,709
312,1170
342,1294
145,743,1553
137,603
299,492,909
199,1741,1751
719,1449
267,1168
1248,1299
1035,1135
541,611
463,559
324,447,1470
183,1103
25,294,1876
158,609,722,1504
152,848,903,1572
24,280,882,1463
236,943
585,803
340,1089
4,72,333
273,331,485,906,1187
54,653
327,375
363,811
111,334
49,706,1610
856,1356,1995
22,32,537,562
156,1219,1747
28,667
42,279
1403,1459
511,584
110,192,1098
549,568,856,1722
65,891,1545
354,806
638,665,1202
645,1710
1393,1858
687,1642
495,786
238,802
53,712
180,990
63,561
466,1411
689,884,1109
45,972,1585,1873
42,46
66,71,188
99,279,1738
798,1912
8,55,235,1257
31,1964
534,630
72,199,252,487
251,299,1626,1999
32,1541,1568,1651
119,1001
304,1251,1950
296,1412
1130,1688
187,1302
375,973
803,1159
35,216
15,137,481,769,1237
110,224,578
655,694
13,196,225,328,797
68,1250,1592,1651,1735
169,1066
781,909,911
908,1092
1296,1978
729,822,1748,1777
16,1164
340,1638
18,281
476,688
20,405,723
24,738
173,564,984
42,429,738
115,400,931
3,32,230
265,586,1448,1990
342,922,1001
12,294,506,1621,1885
97,458,1319,1350
1084,1092
454,506,824
636,1782
383,914,1039
11,1578
59,410,724,1411
61,1613
27,594,905,1039
23,180
1041,1069
1026,1606
219,345
422,1830
357,914
48,49,500,554,1814
58,94,131
194,1765
143,1594
251,315
489,550,1674
233,875,971,1680
430,803
132,457
537,636
388,410,1829,1921
62,208
207,1124,1336,1821
72,1943
162,1737
33,180,1337
77,496,1927
534,1946
40,319,838
78,539,647,1294,1890
750,1119
229,242,447,492
472,1280,1928
131,1419
241,913
158,426,531,1698
65,139,813,1726
22,1255
390,860,1004
111,459
1212,1615
705,810
176,872
269,307,1283
32,1381
425,700
213,836,1889
113,967,1250
41,123,879,1751
12,387
154,1779
21,256,1540
6,1317
9,45,1535
199,1523
370,753
37,745,1113,1621,1743
388,687,1496
258,390,485
44,611,1787
1492,1954
323,1123,1531
2,1134
11,1698
236,846,1482,1895
23,158,201,761
90,126,1716
242,1618
26,1975
256,622,892,1113
276,1427
508,932,1154,1406
32,410,577,635,787
218,884
29,185
63,1028,1407
195,213,235,1655
161,816,1019
33,181,293,569,686
27,294,1425
26,997
272,1090,1134,1223
47,917
526,1620
468,795,861
237,339,1076,1264
419,476
465,1017,1959
175,1009
33,81,262,649,1483
76,265,746,1728
177,544
109,487,1114
29,105,1650
144,601
112,855,1082,1121
1059,1623
83,1217
286,292,1133,1311
600,1071,1781
145,916
182,285
374,1497
92,123,692
432,591,1331
24,58,1945
152,1507
205,378
534,743
24,535,1813
355,807
40,133,558
1045,1707
215,249,702
313,1796,1982
82,530,605
184,444,747,1465
1238,1627
42,212,299
155,361
594,1181
166,1427
25,221
177,1383
196,432
444,620
528,1132
555,1836
39,1272,1494
392,808,1101,1887
181,907
1384,1733
97,306,1056
121,1293
117,548
131,554
20,109,659
9,134,494,1174,1851
58,1376
1444,1816,1937
57,820,1673
266,1814
379,432,709
595,1420
77,1067
81,153,757
24,1105,1686
579,666,840
282,1809
215,1074
13,156
1224,1989
610,656,1907,1933
87,1099
202,882,1615
153,387,966
852,1191,1582
23,499,1928
663,1126
840,994,1622
498,504,741,896
9,135,1083,1385
74,354
27,34
66,786
48,443,1747
65,1797
29,531,686,745
132,196,308,1884
12,151,346,1808
393,807,961,1936
277,724
206,1911
349,806
55,1064
809,1532
70,80,1461,1847
5,410,482,1572,1960
399,582
16,475
302,627,1956
187,286
161,576,669,1617,1763
438,631,1011
434,950
523,1192
1748,1767
1350,1506
8,634,664
247,302
662,1087
28,45,140
174,530
859,1356,1469
45,138,390,1387
107,356
68,410,1122
87,172,214
4,168,507
7,814,994,1023,1486
117,853,1556,1739
119,819,1218
100,1713
51,614
1064,1339
293,1223
24,1006
1143,1600
19,39,284,1070
184,851,1737
52,98
265,1728
799,886,1048
229,259
738,792,870
145,362
20,112
102,542
90,305,772,1420,1930
11,1728
66,678
42,1825
59,921,1439
189,306,1058
685,1866
205,262,711,1514
104,355
700,902,1973
63,599
59,251,381
216,1148
515,842
159,259,748,932
12,163,677,1751
464,1345
51,1330
112,570,1311
367,1222
7,245
161,366,816,1720
54,364,1177
683,1021
205,1062
943,961
175,718
114,161,344,658
15,283,459,1356,1815
401,1138
408,1792,1861
360,1095,1318
208,537,555,1772
124,669
510,1941
1104,1184
79,312
38,1123
155,957
74,123,698
42,318
347,1422
178,389
49,142,173,195
176,579
9,427
181,302,1632
40,1008
383,1221
132,174,861,1169
390,941
256,1283
49,1485,1838
1,882,1428
197,495,667,891
927,987
262,763,1112
7,376,1763
130,1444
50,117,517,1600
86,1273
719,1156
409,1943
1286,1799
652,672,1386,1408
341,434,1016
175,204,451,1002
225,479
27,691,919,1863
228,1689
41,62,768,1080,1654
179,1188
206,437,1465,1682
295,811,1318
81,237
16,1518,1714
5,730
145,1163
186,253,364
1499,1845
67,807
210,314,327,524,669
44,1232
626,1848
125,1592
4,1664
927,1818
234,425,1460,1519
422,1194
1354,1371
186,425,867
152,788
672,714,769,1687
20,482
502,975,1234
255,549,568
227,1921
1131,1229,1612
264,991,1374
253,1853
71,872
25,164,239,939
83,908
636,1441
39,46
13,353,761,1791
1080,1842
29,702
643,967
418,454
111,118,172,1066
565,598,1908
8,95,396,1044,1053
3,530
48,149,336,856
48,549
107,160
469,1717
6,68,1072,1999
536,1037,1640
522,634,1989
1022,1778
209,1354
118,357,1935
690,1311
10,100,228,939,1783
216,1363
135,1007
36,277,1513
380,1083,1157,1306
97,1384
67,234,491
45,143,211,390,860
72,264,542,934,1769
316,777,893
214,472,790
111,1560
56,223
321,395,824,1894
428,806
71,93,596,758,1659
1424,1794
114,313
159,738
460,565,694
95,1120
47,184,783
66,192,1961
369,1332,1759
340,370
78,677,1454
76,486,489
195,662,1570,1619
107,153,160,1701
109,353,380,1234
134,1008
29,735
136,268,1076
581,1906
409,1211
70,283
771,774,1856
426,1162
117,1294
53,1678
231,572,1428
276,350,692,765,1427
61,222,448
844,1262
1629,1739
15,1549
35,648
117,218
78,1017
10,37,336,938
27,134,370
301,1884
296,306,686,1587
321,530,533
62,326
41,1801
308,991
43,1278
218,577
122,149
53,377,848,988
7,106,451,863
58,156,517,979
506,1946
1179,1770
187,312,328
11,996
385,730
1077,1511
71,236,1287,1519,1698
66,202
81,864
344,1302
22,170
380,1306
12,784
237,1114,1379
81,688,892
52,275
166,459
41,173
129,195,1097,1262,1409
27,38,103,209
1744,1911
10,592,1130
35,495
83,446,525,1233,1842
554,1161,1726
145,893,930
522,557
99,760,1011
401,484
257,607,968,1273
130,172,1247
38,510,894
501,1620
593,720
76,550,1356
207,587,1703
21,285,763
78,130,208
306,818
784,1751
218,1472
247,528
32,1750
169,556
302,1282,1926
158,756,904
239,507,692
893,1838
120,121
266,1180
381,463,831,944
780,787,915
76,777,888,1526
58,79
146,181,1533
15,1332,1526,1549
928,1314
143,517,1333
1160,1561
93,536,869,1447
277,527,764,1396
925,1454
373,468,1563
17,86
11,671,881
1398,1530
339,1199
189,872
1203,1680
675,971,1117
19,680,1992
514,854,1277
79,82,1952
2,69
288,1379
23,1711
115,204
1266,1707
115,552,824
279,784,1312,1941
15,143,683,1496,1834
4,635,1168
321,1236
213,260
1274,1979
74,641
1,514
55,106,366
216,245,831
391,734,854
154,583
10,183,801,1633
42,1051
101,873
170,272,1567,1765,1789
26,310,789
9,566
55,133,708,836
56,62
176,860,1670
946,998,1263
319,345,388,463,1631
107,290,569,1152
403,823
135,1766
144,260
69,486
75,93,881,1619
3,44,630,740,1279
384,446,1191
204,292
410,1857
357,1991
289,1344
899,966
30,507,1405
55,163,197,945,1520
265,273
343,686
703,1081
26,588
40,401,735,1755
54,260,591,876,1682
350,1081
900,1712
17,149,227,840,1272
127,224,375,1888
23,1102
7,800,1230,1472
503,960,1932
407,649,1119
157,185
6,1493,1566
113,1847
5,53,542,1635
812,1204
101,113
609,729,1981
72,102,848
46,349,543,1114
57,826,1994
9,254,1486
617,1247,1301
15,802,1005
39,543
244,756,1797
637,867,1741
60,594
4,597,610,1108,1721
741,1000
25,429
11,934
16,526
829,1569,1602,1864,1955
167,868,1674
12,78
92,96
45,124,434,1817
2,87,1093
31,468,641,1027
303,709
6,10,1227,1501
433,1022
180,227
922,1091
72,508,633,1551
49,261,409,1594,1807
148,725
850,1315
201,276,861
512,1927
562,1932
92,395,464,478
310,561,1000,1389,1918
27,126,1000
87,329
148,167,327,492,823
24,639
125,1236
142,158,445
125,718,1329,1935
61,143,1127,1142
1410,1649
240,1214
746,1809
161,168
388,1923
1542,1877
584,1504
676,1300
304,320,823
67,79,1875
120,230
515,822,1387
89,245,1231
90,767,1148,1718
553,685
207,1138
234,1078
457,1162,1280,1341
765,815
364,426,796,1664
27,304,1090,1437
53,561,1706
21,837,1910
89,97
3,35
318,564,750
1021,1936
764,1412
393,446
8,391
161,1027
260,957
289,1151
783,1761
1300,1476
80,113,218,940
754,1660
102,255
289,310,630
9,1017
54,147,387,1464
147,1891
47,298
15,480,507,665,1171
474,554,708
1,83,181,601
118,1320
11,438,656,1131
190,953,1334
143,303,626
207,821
354,1955
