5
1
19
9
8
6
1
18
23
14
14
23
7
22
1
12
22
4
8
22
2
4
7
6
4
2
15
8
6
3
6
10
11
25
3
26
3
1
12
3
5
18
1
1
16
4
20
3
6
9
7
12
9
14
23
6
15
2
2
12
6
1
7
1
15
4
3
2
14
7
17
1
13
26
1
20
11
9
13
4
1
10
21
6
10
3
10
1
13
13
5
11
4
3
9
6
8
1
14
8
12
5
4
11
12
3
22
4
8
1
5
1
5
4
25
13
27
15
8
4
10
10
2
26
13
7
20
10
1
5
2
2
10
17
13
17
7
11
4
4
7
2
15
9
10
25
3
13
19
7
8
6
4
21
12
3
5
18
5
17
11
11
7
5
1
4
19
10
2
3
2
3
1
2
16
4
13
6
7
4
14
13
2
10
5
2
1
11
3
13
9
18
4
8
4
3
2
15
1
14
14
3
4
4
10
9
14
6
7
16
2
5
2
2
4
7
4
5
2
14
3
10
6
2
10
5
4
3
25
14
4
27
12
6
10
1
21
5
12
7
22
6
16
13
2
10
3
9
18
14
9
18
2
6
6
8
20
19
20
24
27
2
1
12
15
19
2
2
16
17
5
3
3
3
7
19
12
3
12
5
3
15
5
13
14
9
8
17
5
4
7
12
5
17
1
7
6
16
10
21
3
5
26
7
3
1
2
23
25
4
27
11
2
14
4
16
18
6
3
2
9
19
3
1
25
4
10
19
19
6
8
17
21
16
9
4
1
2
19
5
11
7
8
3
1
1
8
15
17
1
3
14
5
5
20
24
1
7
17
2
5
2
3
11
19
23
10
9
8
2
9
3
3
3
1
3
2
15
3
4
4
5
11
8
1
6
10
6
14
2
11
6
18
8
16
1
6
1
13
15
18
15
6
7
8
2
5
4
27
8
1
4
10
25
2
5
11
16
11
1
3
7
3
12
5
3
1
1
4
7
4
2
24
6
9
11
3
4
9
3
23
17
10
8
22
1
8
5
3
16
3
18
2
16
12
13
6
21
8
2
22
13
14
18
5
8
5
4
22
2
7
2
18
3
20
11
23
7
26
1
8
8
1
2
6
1
24
18
9
5
9
4
17
5
11
1
3
5
15
6
7
9
3
15
11
1
7
7
2
15
1
11
15
13
7
22
6
22
5
9
10
12
19
4
10
15
5
16
1
1
2
15
4
10
11
2
22
23
2
10
6
2
21
8
1
14
18
1
4
25
21
7
3
7
1
1
15
2
6
1
2
3
11
9
21
24
1
15
27
23
6
8
18
10
15
12
1
21
4
12
2
5
2
10
16
6
7
9
5
11
12
2
1
2
17
17
4
9
14
4
2
9
7
9
26
15
17
7
6
7
1
16
5
6
1
4
2
1
20
15
9
11
1
27
6
19
5
6
2
4
6
3
6
15
8
11
2
7
2
12
7
24
1
8
2
16
5
2
12
10
4
13
3
13
13
17
4
3
12
24
13
20
12
16
16
7
24
5
18
5
3
6
13
3
6
24
3
7
4
9
25
12
12
6
9
20
4
4
5
9
21
1
6
2
13
1
2
1
15
6
13
12
17
24
12
13
1
16
3
8
17
19
6
8
3
6
16
8
6
2
11
11
8
1
2
24
8
2
1
5
13
1
10
3
1
10
8
3
14
8
8
17
4
9
10
2
5
6
15
14
26
19
5
23
13
5
5
5
13
25
3
12
3
1
3
17
21
23
1
1
7
6
5
8
8
2
1
18
8
18
9
14
4
11
9
4
11
2
15
2
14
1
12
3
15
11
4
11
5
3
11
5
17
3
5
7
5
8
14
1
3
6
4
4
12
7
12
5
8
21
4
6
1
4
10
7
25
9
25
1
19
27
13
4
6
6
5
1
25
5
23
7
13
5
26
5
18
26
1
11
22
1
5
1
1
4
13
18
18
1
23
7
10
21
3
4
14
1
4
3
1
9
16
16
27
20
2
14
2
8
18
4
16
1
13
23
12
3
8
7
18
14
10
22
18
11
9
3
1
2
1
20
24
7
25
17
2
9
11
2
2
27
16
15
20
24
4
1
10
1
1
14
4
11
9
5
2
4
10
3
3
17
17
20
12
10
4
8
3
19
3
4
20
2
9
7
6
4
8
2
12
23
5
5
2
1
26
11
19
5
8
22
9
13
3
15
8
16
3
11
7
20
1
13
3
4
14
10
6
3
21
7
9
14
1
21
4
10
8
10
9
24
7
22
8
16
8
9
19
22
