26,142,592
36,736,964
153,310,743
8,42,349
15,40,114,626,715
24,748
185,954
113,115,544
14,537
102,613
348,378
656,932
111,271
38,43,473
166,627,724,842
50,206,983
402,634
139,202
181,359,429
52,611
54,73,216,541,837
9,604
1,302,361,846
11,115
63,190,958,999
298,418
13,23,603,862
20,994
77,495
125,235,603,753,773
24,29
34,384,544
68,219,581,645,879
327,574
176,385,679
56,84
76,77,256
41,85
198,334
106,221,373
42,306
43,251,526
200,254
438,679
205,606
12,441
48,333,715
444,588
204,600
328,339
732,743,871
341,787,909
160,607
130,141,142,621,648
66,133,825
604,739,750
14,599
265,789
39,214,342,649
36,74,865,869
358,661
39,709
324,483
758,840
245,602,639,863
488,780
72,422
367,525,536,988
222,286
22,336
23,608
534,929
50,79
63,163,404
272,929,977
11,142,892
4,78,416,691
275,876
1,41,164,212
100,165,343
35,156
53,335
308,312
15,75
243,646,717
131,169,268
31,128,145,352,733
246,733
15,72,357
7,249
448,764
1,113
29,353,580,855
559,892
43,125,325,361
16,233
30,247
516,537
149,512,668,857
68,995
533,723
126,554,638,685
5,97,151
694,732,800
269,395,883
32,122,184,222
117,167,261,569
642,916
23,131
114,215,217
59,241,823,911
64,88,446,577
233,714,730
26,183
14,20,656,672
26,637
12,326
462,659
126,648,910
181,372
85,650
20,100,180,433,965
75,124,521,702,895
9,768
103,236,695
143,707
18,42
50,209,617
28,741
551,986
6,84
59,377,432
436,622
236,385
58,531,590
36,122,145,327
25,549
8,192,573
2,29,276,548
564,811
17,461,790,962
105,254,516,681
5,410
18,128
174,197,415
43,300
88,132
380,405,534
29,430
77,92,722
306,879
9,252,473
695,755
382,727
15,62,199,334
97,998
371,781
101,663
69,257
32,129
380,571
524,856
93,459
20,162,364,512,732
27,94,417,482,582
138,476
208,212,292,357
13,816
306,615
805,960
165,249
262,558
7,91,274,687
56,178
144,520,872
875,894
347,572,723,951
243,316
331,464,482,779
13,112,431
168,442,607
260,676
76,259,306
31,61,208,947
18,397,541
149,297,588
24,127
948,976
5,28,109
278,800
94,553,632,888
78,142,220
347,566,995
703,882
100,488
498,799
35,90,411,906
74,503,845
27,65,265,526
236,742
457,979
96,719
150,818
9,694
68,536,994
58,171
80,90
29,375,388
413,445
170,562
4,50,144,744
93,616
250,754,961
24,394,714,889
33,38,50,338
136,711
17,153,329
123,262,372
67,449
13,728
235,633
295,357
25,282
204,242,593,966
55,94,156
418,585,873
73,177,974
14,193
350,506
29,234
48,656,911
204,814,987
36,103,614
121,540
301,632
353,582
317,393,778
6,458
6,29,84,541,609
419,924
340,519
84,370
238,753
126,904
97,320,772
32,197,534
144,588
416,666
178,403,559
238,670
300,685
98,140
75,130,467,613
313,642
177,249,401
27,83,140
220,782
40,103
288,595,656
3,158
11,286,310,502,928
41,395
421,765
16,31,962
30,188,647,806
193,688
207,435,585
83,300,551,981
95,160,289
155,210,541,546,890
11,809
80,279,640
2,64,346,496
87,130
4,11,120,183,522
252,848,935
136,766
37,533
419,431
77,393,928
82,736
428,762
9,490
35,48,202
168,443,736
82,122
243,450
76,127
72,88,833,838
34,146,229
146,346,823,893,935
386,633
330,571,675,810
87,104,141,342,904
22,579
76,972
219,276
62,983
21,415
280,571,753
111,280,555
27,198
11,16
5,287
106,827,839
108,149,211,307,648
131,173,352
172,221
96,135,672
146,829
111,169
106,147
36,74,124,303
329,478
24,586
128,160,224,588
218,837
77,611
15,70,713
151,266,498
289,769
6,416
47,76,257,619
88,357
75,428
141,336,688
8,780
605,751
27,179
23,70,738
74,192
3,92,192
3,329
83,154,981
75,986
161,383,636
74,751,845
165,724
196,833
178,260
143,400
103,140,783
95,143,738,950
386,947
42,167,348,667,712
100,247
191,206
102,361,581,756
172,366
719,829
494,543,676,896
234,370
98,118
797,882
344,888
6,31
266,861
34,193
369,410
261,311
32,116,432
592,639
92,924
280,354
93,431,869
808,822
405,819
19,26,531
236,387
93,429
31,571
283,469,655,723
22,116,139,405,820
590,798
43,44,567
185,420
62,476
259,934
35,975
19,20,432
447,528
58,360
484,788
111,354
15,140,340,480
43,566
100,256,444
74,237
295,486,860
135,399
43,127,138,420,437
591,673,982
34,108
139,227
77,896
37,374
267,294
118,718
411,643
42,401
90,759
160,933
52,392,469,874
86,677
52,155,264,424
169,601
44,337
633,674,761,870
18,22
26,214
40,161,374,811
124,286
52,277
49,79,885
461,469
70,94
558,617
20,111,262,376,503
176,671
108,286
68,353,415
41,185,226
92,138
174,426,877
124,734
329,339
34,550
306,698,884
27,74,127,177
26,169,645
125,462
288,349,791
610,825,936
13,137,471
64,606
74,303
386,392
32,367
3,38,100,317
145,168
346,764
200,390,720
96,107
169,786,855
96,541
155,606,705
224,267,313
64,110,345,530
76,355
174,271,589
199,357
23,862,946
15,566
51,194,501,507
2,141
584,999
350,692
48,323,379
158,317,525
242,684
14,20,123,879
14,618
1,124,203,848
492,579
11,765,791
109,114,339
60,370
54,201,250
4,138,505
25,793
234,835
52,264
345,428,823
81,205,422
422,478,515
170,225
18,36,63,184
73,462
255,614,693
731,843
721,996
263,483,511,852
49,630,979
60,105
221,457,971
287,450,674
26,320
283,287,502,630
181,220,352,389
191,321
247,467
174,213,325,825
344,793
11,18,69,250
529,810
63,605
9,193
81,199,560
171,911
64,98,110,165,850
48,106,305
86,116,124,641,816
704,726
194,639
62,518,894,985
5,219,741
72,156,501
6,117,311,409,434
298,717
166,679
130,361
25,66,331,492
189,941
16,42,87,247,456
1,397
13,45,796
218,293,647,818
20,894
12,536,700
131,262,338,418,531
75,173
67,292,489
57,230
69,99,876
44,173
8,158,401,778
107,962
285,825
294,849
425,458,793,938
147,196
32,121,205,225
150,298,593,706
33,51,63,188,404
35,362,394,437
36,323
559,719
4,744,783,991
49,157
8,87,102
6,49,254,835
64,557
14,58,207,786
149,340
67,221,761,811
174,362
17,236,398
385,406,813
64,84
79,116,652
137,150,260,552
459,466
246,436
102,289,465
5,12,721
81,409
62,428,560
70,179
120,204,227,438
198,532
75,420
34,44
314,734
92,162,476,563,796
82,304,584
115,229
71,115,670
112,163,855
159,773
97,194,405,544,967
671,969
63,126,240
1,668
63,806,816,982
113,527,807
351,980
25,38
106,488,979
82,222
570,768
153,235,299,327
269,388
34,131,813
4,925
158,201,278
165,346
182,284
102,498
60,951
144,552,620
119,601
2,37,228
69,649
407,780
2,446,577,871
66,937
29,152
130,185,582,757
87,524
229,315,913
6,223,434,947
44,46
341,414
38,173,236,830,921
487,566
44,336,395
144,321
33,161
622,969
814,884
144,248
7,263
33,209
600,784
283,757
45,883
101,147,222,234
1,41,582
407,670
501,515
260,433,660,667
61,747
77,97,104
3,362
79,289,293,613
18,997
121,184
131,132
49,700
10,24,304,365
924,968
61,318,835
98,654
348,789
374,496,823
117,396
196,421
715,930
31,100,434
227,231,743
58,539
733,863
45,612,968
30,67,941
819,961
131,561
185,709
664,883
14,378
243,913
533,616,786
92,235,312
11,254,369
10,111,239
96,339
120,315,609
179,661,900
5,128,261
26,65,621,846
9,12,538
49,152,675
103,323,431,837
379,437,497
65,459,644
291,631
246,534
15,442,708
83,154,543,565
2,68
65,88,115,146
695,723
57,509,663,694
295,830
47,127
35,86,421,695
24,203
141,241
38,640,667
56,61,152,297
63,603,608,678,826
20,461,469,511
53,59,291,354
127,152,382
69,200,220,230,314
47,76,619
50,169
59,216,771
140,157,176,215,783
525,893
226,382
458,820
295,296,946
630,905
26,370,415,879
162,341
29,85
487,565
128,736,863,949
416,844
173,710
172,916
109,203
29,836
17,107,461
58,907
35,811
189,363,494
157,238,369,670,945
51,150
6,628,693,713
131,154
352,977
144,335,343
86,539
7,490
40,67,674
65,749
75,645
266,329
545,650
294,359,596,742
5,35,37,854
302,454
15,350
44,341,740
172,765
41,58,598
80,180
716,772
126,173,198
145,737
110,826
1,844
73,850
202,858,895
139,140,468,532
20,167,511,551,844
4,53,358,549,602
9,618
271,295,301
33,123,768
164,186,460
26,542
326,415
102,353,467,837
152,273,324
583,720
167,485,571
29,682
143,966
658,804
42,197,919
47,253,308,310,583
150,175,400,619
42,522
64,764,770
30,48,489
213,816
142,199,262
24,227,911
404,608
50,154,690
181,599
72,428,593,623
260,433
12,754,844,937
360,617
305,317,716,899
164,283
10,91,627,926,960
33,162
552,623,956
3,265,445
149,328,330,626
71,711
4,203
13,33,70,150
62,396,920
32,251
63,492,898
237,259,300,477,578
54,285,399,809
394,476
8,123,417,569
178,383
95,122
58,245
18,180
41,44,229,433
456,992
21,94,172
8,847
56,232,926
79,90,806
22,134,607,932
72,793
340,490,628
27,198,400,402
7,110,294,295
157,613
22,426
19,808
17,1000
117,409
76,114,205
190,701
7,396
84,208,224,225
250,781
12,36,39,366
2,633
126,641,890
73,514,548
5,466
8,320,788
73,116,701
39,738
45,403
216,552,554,587
33,83,563
215,429
162,419,970
521,745
96,148,752
47,76,355
137,151,411,622
44,555
58,540
117,151
17,216,350,421,477
333,767
24,671
37,86,305
179,554
319,945
128,787
171,245,841
272,852
24,37,497
78,625,636,660
155,887
208,392
8,56,107,440
44,573,669
50,148,436
224,268,406,637,645
46,630
130,494
20,344,747
142,338,360,581
259,355,686
28,518
24,27,114,161
5,47,156
23,51,150,155,478
90,116,449,835
220,374
133,545
369,989
329,365
74,109,582
139,597
337,611
595,803
9,886,952
16,39,101
19,28
363,638
432,536,629,983
70,102
237,736
135,932
340,802
44,232
159,226
152,297
405,961
115,325
40,196,423,674
30,281
63,216
230,599
216,601,728
136,160,906
216,711
289,308,754
95,491,604,766
36,77,170,193
142,594
13,558,657
364,690
38,207
77,143,199,943
61,867
565,691,767,981
444,521
3,258
53,138
67,973
11,207
251,368
148,706
55,125
91,550
23,515
71,294
95,409,862
4,95,321,639
6,631
68,219,457,776
41,167,213,348,673
110,529,769
29,109,316
13,37,105
113,128,670
52,365,712,940
2,49,70,345
21,253,648,971
26,247,305
411,981
16,481,743
282,557,634
8,158,573,859
158,451
136,270
15,67,815,878
28,287
213,453,629
197,357
33,801
21,98,253,711
161,390
276,581
24,96,822
32,51,310
49,318,847
432,918
45,248,518,849
305,738
90,177
123,190
6,45,134
389,452
81,901
496,883,1000
1,479
354,366
141,748,870
17,851
151,880
30,37,379,677
34,692
26,907
53,695,857
177,464
25,942
32,85,745
60,105,522,887
422,917
61,330,609,748
221,451,888,975
46,657
25,315,856
137,141
126,890
243,298,395
182,755
113,416
532,656
157,170,439
216,282,753
264,705
9,538
34,55,72,261
54,158,497,843
136,783
9,98,860
5,119,347,737
7,121,246
39,292,663
8,249
33,978
6,96,386
12,210
62,797
135,673
64,72
175,664,852
93,140,180
87,443,540,929
12,196,301,372
19,151
462,673
125,242,255
20,846
13,70,341
185,933
297,500,717,876
82,128
44,333,578
53,64
35,323
284,551,660,910
41,91,337
444,572,635
267,674
75,953
72,342,555,922
182,530
171,408,464
265,499,526,795
20,439
277,707
223,242
12,224,258
50,78,335,435
24,31,255,397
12,701
101,264
100,644
58,174,864,945
126,478
387,988
3,45,584,958
90,116,125,177
21,356
4,520
14,149,500
53,260
168,499
92,279,535
272,351,373
513,810
228,278
18,869,917
563,636
17,107,978
94,948
608,644
775,923
233,522
425,554,666,993
337,608
238,756
5,372
128,147,512
125,135,182,190,731
155,903
212,839
27,510
55,120
18,687
1,49,127,309
2,98,615
19,740,819,997
19,336
47,127,257
10,201,285
113,200,287,318,977
269,454
391,537,752,885
57,143
4,144
62,708
165,281
159,416
134,136,288
75,792,871
29,254
57,391,409,686
113,137,191,240,346
4,191,368
710,723,995
143,795
24,571
176,923
185,799
4,95,191,248,963
31,334,874
112,163,214
478,946
51,678
68,798,902
31,185,894
93,139,336,408
157,238
6,675
191,456,964
466,718
90,190
511,836
201,254,452,616
77,622
358,917,982
83,237
87,121
171,186,432,460
23,890
42,464
89,117,189
294,465
146,176
19,256,614,737
43,77,102,527
39,106
12,162
580,817,849
72,543
267,268
544,737
86,218
206,963
10,220
223,284
369,384,714
384,447
27,699
313,324
88,707
240,275
65,152,386
145,298
228,426
233,395,450
142,362,574
113,347
212,293,353
299,455
51,60,259
71,333,506,527
16,292
97,152,223,586
371,439,588,744,963
213,390,955
167,328,831
46,524,786
131,351,401
306,644
77,104
278,562
238,258,468
17,20,241,469
29,614
35,80,114,166
9,65,494
121,285
37,61,135
269,356
63,85,246,540,705
13,982
2,250
40,172,426
494,726
17,518,899
475,591
22,504
345,389,568,810
59,386
866,882
116,456,652
218,302,354,425,527
279,817
403,675
35,247,605,669
66,181,351
63,929,938
28,109,392
721,970
47,355,432,902
8,26,82,368,865
142,276
501,691
136,349,801
40,196,931,1000
52,107
77,695
251,575
1,130
375,616
23,777
420,849
463,739
46,315,381
222,387
233,424,649
172,173
696,956
98,420
131,186,307,320,950
11,463,867
29,254,330
65,499,575
78,598
8,15,261
62,178
22,181,332,942
112,398
36,328
16,292,542,682
28,391,967
10,90,538,901
115,356,642,848,903
436,535
105,106
246,407,603
598,798
38,129,324,398,867
35,406
108,987
87,184
34,43,405,550
30,127
206,828
76,475
380,597,612
34,93,229,693
284,857
19,119,635
234,397
46,414
24,491
67,106,170,376
676,739,779,939
61,332,388,457
48,189,969
30,957
427,556
413,475
64,325
212,302,448,926
228,858,882
74,123,516
21,214
209,447
117,875
331,517
481,938
11,186,314,463,892
19,151,180,623
718,740
249,252,322,452,488
573,708
49,591,778
29,625
175,646
421,715
107,516
165,618
36,124,479,563
57,265
539,950
544,653
7,567
108,515
2,236,764
26,729
43,75,439,511
100,222
326,750,910
348,504,749
50,368,502
284,557
112,259
203,824
566,676
107,469
55,441
381,769
23,125
16,103,260
81,123
290,305
263,283,417
247,323,363
40,406
171,390,406,509
322,357,954
136,554
46,337,839
505,898
146,414
150,304
33,495
15,44
387,481,529,746,768
8,333
221,963
32,130,161,494
175,201,546,739
1,853
53,162,251,435
262,704
171,190
51,342,508
523,686
192,225,299,317,492
975,976
361,490
89,514
190,833
133,478
257,696
83,565
59,86,111
97,949
48,304,383
44,345
59,304
1,647
52,148,244
47,259
131,171,629,918
18,290,942
53,332
276,328
134,369
419,675
97,405
94,147,902
21,34
197,583
110,375,909
105,576
89,135,731
19,151,384
258,308,556
307,944
312,341,419
101,580
11,57,362,738
348,391
290,429
13,240,610
10,157,760
23,296
6,297
11,255
68,83,726
53,206,685
101,217,233,909
566,726
177,514
49,485,684
404,638,842
26,253
71,493
16,266,455
37,86,172,437,677
482,820
138,383
145,215
97,727
84,330,392,510
98,548
157,840
143,282,513,648
66,156,220
489,781
359,442
307,355,526
130,142,550,827
648,817
6,10,791
92,283
61,223,400,457,796
170,865
27,66
280,399,650
227,530,553,848
71,410
22,824
15,480
156,274,734,870
84,158
18,122,751
55,365
2,920
225,525
16,322,793,846
154,631
107,164,182,671
350,730
98,615
66,239,917
36,751
38,860
210,612,996
332,742
123,211,377
68,307
219,287,602
163,296,826
104,417
84,412
133,387
271,592
166,210,585,968
17,305
139,227,807
177,261
83,219
167,185
737,901
237,323,581,624
582,668,807
52,659
7,15
34,115
183,484
46,319,625
399,661
35,48
11,99,183,470
92,383,474
29,99
10,791
58,267,881
8,895
127,244,636
112,921
30,319
505,722
651,917
2,84
148,456,655
30,37,229
19,727
279,591
80,449,861
194,343
7,740,860
572,997
309,325
156,930
552,826
45,311,362,399,733
247,376
54,248,308,586,829
333,523,864,986
141,641
4,206
32,87
9,37,206,754,847
353,624,746,767
33,417,721
77,133,391,495,590
30,104,118,798
61,434
83,99
443,489
159,238,747
40,449,709
10,11,181,463
72,237
166,217,380,821
171,694,950
564,828
86,92,505,563
13,80,88,361
122,235,413,990
21,360
122,521
6,11,224,659
39,876,943,972
157,351,696,805
205,521
477,773
113,118,402
141,358
319,965
80,468
541,716
10,69
335,576,888
117,925
59,132,275
86,653
62,511
32,168
360,637
4,412
170,422,778
10,352
40,48
54,878
69,90
2,398
116,177,284,456,885
3,242,805
146,425
117,261
635,774
207,822
914,973
143,282
66,227,268
433,642
19,444,819,889
297,631
63,595
51,80,321,690
26,50,530
25,201,315
81,532,735
34,284,941
153,166
55,340
440,562
25,326
67,175
276,712
45,968
68,183,794
241,257,437,537,952
102,159,361
17,59,79
52,60,315
94,537,761
3,46,227
255,836
114,176,834
18,178,274
18,46,227,310
74,957
45,210
34,538,554,841
354,647
417,958
159,169,175,243
474,794
45,91
158,401,464,858
33,383
56,719
403,485,633
78,248,621
61,254
5,20,55,209,317
801,970
484,542
7,692
19,463,868
25,60,180,856
64,81
499,557,914
14,72
192,249,547
78,144
516,741
205,387,443
476,535
349,677
64,547,705
110,188,583,870
232,912
5,256
113,403,652,725
558,746
69,389,809
222,574,605
103,380
334,821
5,37,301
307,617
117,177,244
66,80,908
41,802,853
10,99,200
65,801
282,378,575,966
269,681,891
763,765
80,630
196,273,424,706
41,217,818
20,651
19,78,374
64,262
57,959
3,339
79,315,686
37,46,393
14,175,445,518,913
4,321
155,587,762
517,684
17,410
312,833
154,193,451,893
78,191
10,82
22,222,326,688
247,423
45,242
53,103
181,250
135,190
454,644,780
654,833
15,461
49,613
10,15,64,81,389
482,687
580,640
16,122,136
4,286
56,576,585
545,899
38,271,411,899
79,281
144,564
65,557
60,377,934
31,117,378,862
34,229
256,710
332,668,764,918
70,209,771
7,51,59,341
340,804
3,45
364,590,784
73,179,233
56,270,332
349,359
111,340
32,121
33,126,358
9,36,538,570
204,492
187,973
9,55,466,560
2,530
3,7
6,316,392
259,520,585
128,288
85,89,198
9,275,304
21,137,213
14,156
32,654,706
152,485,672
15,555,577
949,951
174,183,746
163,244,562,853,947
156,351
145,235,520
101,682
149,226
71,270,699,803
199,825
489,602
14,110,724
175,708
82,168,205
147,189
80,679
3,339,940
88,838
211,285,634
146,335,346,433
114,124,404
23,63
189,272
120,290
49,345,571
232,409
61,739
10,878,886
859,891
13,134,178,359,711
484,867
87,828
50,604
25,67,166
232,311
36,84,85
31,318
45,382,407
4,5,93,97,109
450,873
2,398,641
301,804
5,19,119,482
76,77,475
7,63,483,511,567
66,148,210,421
253,748
51,70,141
5,480,763
2,267
57,59,513
35,352,462
9,55,308,538
226,438,758
50,162,230,473,523
10,55,442,565,921
21,59,267,728
164,218
248,461,725
67,965
16,101,233,239,320
99,140,255
263,381,545
4,873,983
1,442,552
287,995
75,446
222,716
104,540
20,445
170,218
103,336
16,52,60
5,97,995
87,900
333,597,717
370,944
277,863
92,134,178,645
88,345,427,696,810
57,553
11,300
130,844
99,181
471,806
539,836
43,643
221,281
331,410,737
5,484
1,51,157
137,508
27,602,785
293,649,953
61,208
42,689
44,119,375,411,576
32,184
186,362,542
517,812
32,133,413
192,330,359,467
166,821
3,66,999
347,859
388,632,758
226,527
42,132,884,901
284,964
56,208,772
164,407,425
548,918
316,483,577,665,872
429,797
45,54
2,98
186,302
135,195,472
5,418,678
39,705
85,510
70,304,554
282,487,516
31,81,519
48,501
79,463
85,211,227,380,412
63,214
509,971
131,202
7,159,211
221,503,974
9,40,371
166,468,597,616
8,27,575
12,447,629
28,205,367
8,134,507
365,527
10,546
69,301
180,784
500,625,693
188,436,535,787
170,372
266,890
110,409
290,657
23,27,454
398,845
3,12
1,30,980
343,547
410,842
49,318
46,120
61,155,199,708
197,377,601
2,68,854
40,653
244,514,658,661
43,112,696,729,985
28,119,293
39,60
28,137
37,553
17,47,691
360,509,629,840
134,933
86,248,437
258,568
249,827
199,868
91,549,960
85,525
38,715
252,452
211,453
204,697
183,441,908
8,218,317
27,57
189,804
601,795
441,477
422,501
180,279,681,688,881
94,715
138,161,310
46,310
26,99
154,986
25,390
131,224,790
324,543
4,251
73,90,759
22,76,101,215
143,568
260,992
30,106,426
24,234
586,984
18,139
67,269,785
136,558,627
1,160,288
21,224,911
295,611
43,623,920
239,255,591
19,450,665,708
35,274
73,90
42,669
127,355
7,118,282
20,562,817
4,140,408,821
77,784
13,53,218
138,784,936
13,141
487,660
331,350
21,175,923
22,103,108,412
85,457
14,241
453,470
6,517
197,355,437,598,879
33,391
160,288
25,108
187,618
94,898
30,671
65,164
103,180,533,914
54,181
217,380,381,651,942
7,211,281
67,189
184,990
44,151
10,285
61,188
91,115
36,124
314,739
150,376
65,296,496
28,119,321,565
130,412,536
161,721
854,889
209,971
58,66
82,225
9,955
393,394
22,195,468
63,430
349,989
43,228,292,529
137,328,436,655
19,28,447,808
457,567,896
368,652
402,532
35,99
112,698
500,528,801
6,19,343
113,159
46,138,618,634
8,148,158
53,368,432
726,760,903
367,460
58,72,303,747,909
157,271,283,448,490
188,677
124,895
19,259
372,423
196,446,474,654
137,240
77,138,563,796
23,126,430,806
151,889
64,622
121,128
14,131
515,684
32,78,358,872
13,623,787
512,787
17,994
212,730
189,865
270,493
399,974
110,769
127,686
235,783
14,17,241
30,40,202
60,318,525,612,891
110,385,830
187,239
94,196,440
61,495,798
125,655
156,281
12,366
129,285
625,700
112,194,388
51,587
453,542
103,231
30,143,159,767
68,220,234,373,701
89,655,729
6,313,435,509
266,752
650,667
4,14,20,869
11,99,314
396,777
141,296
579,925
115,612
277,455,544
160,290
132,144,824
61,577,832,952
79,148,177,843
94,272,763,939
8,23
56,982
50,251,785,897
5,550
3,133,748,959
82,145
36,134,761,789
195,380
183,313
83,154,237
93,140,176
279,815
54,271
363,492
47,131
68,197,470
92,221,306,430,697
429,666
192,289
25,195
322,430,714
79,89,90,284
567,949
25,774
73,280,962
168,556
232,423,671
277,744
475,662
108,326
132,268
3,365
68,390
14,241,445
6,171,732
9,366
26,186
392,420,698
16,223,713,880
17,52,277,591,634
39,155
67,794
275,404
578,915
50,95,690
408,856
169,907
245,561
547,596
52,238,292,886
48,147,156,451
70,132,275,372
9,55,177
150,209
129,324
15,38,350,901
104,600
173,236,567
481,482
80,192,408
66,69
53,523,914
231,534,638
49,194,305
541,681
37,374,451,575,709
123,190,267
307,320,725
203,221,310,731
89,148,190,253
78,248
424,640
202,440
486,692
148,242,756
378,400
171,637
25,176,263
62,985
3,36,104
130,321,353,391,803
29,243,957
105,155,448,702
11,245,574
236,252,913
357,486
39,214,451
2,579,643,689
83,551,578
216,610
667,903
129,257,819
75,187
81,173,281,346
535,814
263,849
299,443,893,952
269,316,528,646
4,845
28,256,347
74,81,124
248,321,465
13,862
393,452,999
249,678
223,388,434
109,163,616
27,89,400
1,41
286,680
662,722,958
12,360,603
335,371
251,368,371,491
436,619,972
201,352
154,691,864
248,343
701,964
290,987
144,582
371,441,851,990
237,578
338,900
14,65,499,504,859
15,293
14,29,716
947,993
628,700
10,25,286
108,356,543,996
13,209,216,515
165,530
4,53,370
153,166,315,928
71,160,270
30,110,217
257,421
332,724,988
167,258
30,76,83,294,490
156,576
33,282
223,244,704,988
332,349
24,152,559
31,199
70,194,277
86,240,812
22,114
8,158,252
374,376
529,530
110,956
407,871
52,264,649
172,247,278,344,709
177,266,348,838
79,195,474,868
96,193,408,813
66,97,920
450,575,661,782
740,991
58,276
253,460
34,309,948
218,527,853
324,479,700
28,99
5,109,779
50,54,977
47,127,259,584,919
459,727
2,199,480,491
251,423,592
214,592,720
1,257,627
23,31,86,155
62,139,176,280,306
46,149,276
170,751
24,94
118,549,1000
71,742
213,395,626
112,440
13,232,824
270,402
345,473
42,166
101,295
233,663
175,334
196,427
146,500,829
67,653,930
12,754
133,134
12,55,939
22,139
403,531,610
196,449
370,790
35,373
83,154,565
102,934
27,54
11,99
136,167,183
18,80,120,231
5,7,82,147,865
83,333,545
263,860
2,306,855
15,73,114,215,217
163,196
250,314,463
519,630,755,872
51,313,770
88,129,769
41,226,689
54,782
32,92
32,936
37,278
35,665
75,90,291
17,807
6,16,29
77,92
74,416
134,441,703
150,508
2,12,477,570
28,99,397
317,453
87,445
87,145,235,413,587
3,626
22,323
55,64,338,470
5,435,998
14,20,781
34,88
502,599
101,815
57,118,176,597,815
38,452
87,128,133,922
339,999
57,336,750
62,74,84,924
7,129
48,752,831,959
329,669
7,72
11,452
79,90
558,725
241,1000
145,197,944
84,96,693
73,731
46,193,751,795,969
219,268
16,36
82,86,553,709,763
25,190,203,851
3,119,990
66,153
143,513,687
140,204
570,861
14,46,137
84,672
77,186
21,73
119,223,774
15,761
149,438
99,265,359
7,766
10,56,189
207,360
80,96,160
242,397,609
153,743
33,986
156,474,734,800
489,610,902,959
317,573,669
96,400
43,72,398,480
378,471,722
402,568
175,206
23,91,231,749
68,171,254
319,363,440
256,989
344,363
82,312
138,989
33,417
308,441,570,841,861
299,733
36,74
507,638
119,169,570,710
421,792
163,507
1,9,89
21,237
45,166,210,524,665
153,657
106,774
168,443
685,757
460,776
89,244,533
213,234,485
17,58
120,367
288,414
40,170
31,117,465,886
18,300
8,43
293,756
63,291
208,277
48,53
305,497
872,925
93,122,205,299,435
94,293,354
32,122
37,273
54,375
28,119,331,880
68,471
385,506
40,228,281,868
875,966
208,728
141,561
337,927
60,640
22,46
43,863
20,466,963
16,43,682
226,318
12,262
46,114,597
94,145,187,643,683
16,105,604,887
109,369
72,560
140,153,245
145,893
262,362
415,720
298,684,790
559,713
67,688
749,795,973
16,239
105,504
47,943
419,636,656
109,194,459,808
681,905
175,316
125,369,450,975
19,140
70,342,904
103,193,326
60,683
92,164,309
55,832
73,661
51,904
88,320
89,135
1,108,182,542
318,323,979
194,287
8,39,42,488
6,31,500
163,217,219
49,118,260
210,243,454
4,95,191,785
241,851
58,894,910
17,107
268,517
213,328,555,569,735
373,401
589,908,998
211,238
21,307
149,197
6,712
763,960
144,206,335,439
232,409,569
394,714
1,274
239,434,873
697,927
126,209
33,104
136,349,359
139,153
90,182
3,93,258
16,506
47,888
4,874
46,193
307,581,637
200,230,352,389,750
121,690,759
1,253,273
561,877
20,67,274,346,445
186,328
7,446,868
132,406
356,433
56,60,542
48,147,344
245,311
38,324
219,539
39,238,279
27,301
367,495
47,85,102,115,635
503,599,943
474,674
40,174
35,86
18,22,153,180,231
296,485
458,498
10,87,207
509,735
112,113,159
109,544
114,310
260,425,841,987
54,867
110,760
60,279
98,119,465,790
16,220,264,702,762
515,621
71,102,743
41,157
300,458
5,50,680
64,594,663
4,21,442
38,396
53,719
232,535,700,808,972
23,163,291,666,971
63,179
20,733
358,871
174,583
65,132,202,230
366,886
298,322,476
111,212
162,909
102,200,303,413,682
158,252,452
139,188
156,319
373,694
161,436
132,615
309,768,905
22,121,815
342,430
41,668
147,164,213,664
35,164,440,562,930
226,252,549
327,383
53,685
28,182,327,415,486
4,82,176,496
706,812
3,276
53,279
39,183
106,273,632
80,120
31,143
534,745
129,329,724
775,779
91,280,747
188,419,850,896
95,191,908
119,718
188,505
35,111,513
8,993
80,93,666
218,519
246,272,413
184,225
107,483
201,285
33,721,958
132,183,213,219,629
444,774
39,522,702
30,71,349,442
73,964
174,285,338
68,195,214,271,968
202,510,884
47,114
261,624
300,578
70,201,514,533
146,325,414,792
273,898
154,759,991
3,36
124,556
288,607
132,338,472,691,776
23,209
133,143,245,563,653
34,348
135,631
117,134,160,624,766
573,994
255,449,519
162,268,426,829
214,746
464,891
401,547
210,589
68,423
866,923
595,731
371,607
29,592
69,117
16,229,646,938
200,628
22,204,336
42,156,171,355
2,561,933
26,976
55,985,992
435,502
70,215,507
93,108,657
294,442,595
124,566,957
257,271
73,294
19,28,100,343
18,120
91,429
1,71,113,164,458
461,698
2,792,855
508,603
269,612,664
191,394,632
299,745
309,760,839
216,303
59,472,645,927
129,956
750,878
105,459
21,228
59,472
7,735
8,123
539,900
37,497
85,163,367,418
121,191
46,57,108
191,945
298,395
227,699,904,920
112,817
126,179,842
231,866,944
91,450
13,163,216,552
359,906
341,924
52,105
441,703,734
11,56,152,684
61,96
10,158,168
38,62,379,880
45,316
27,175,504
87,184,540
14,51,278,765
182,190,857
31,56
88,411
264,857,954
116,251,456,755
28,151
95,248
21,45,615,628
168,919
386,642
41,802
29,152,254,455,660
159,280
193,195
7,160
3,258,329
22,133,221,504
26,313
17,30,51,572,699
21,59,197
10,145,168
22,48
99,425
94,932
64,97
27,118,762
118,229
56,110,123,789
95,286
331,522,776
8,105,274,343,757
330,580
86,147,426,842
67,734
600,688
81,98,593
125,148,673
90,302
106,209
18,215,309,835
290,506,899
384,394
46,49,71,309
39,233
470,478
22,27
76,486
220,446,866
187,256,915
88,348,350
24,230
79,182,430,462
51,69,443,462,878
20,230,984
126,179,275
45,664
383,873
19,117
62,623,777,852
545,601,679
42,89,255,342,678
203,381
100,723
519,953
41,55,107,225,799
165,664
212,580
200,207
186,916,927
659,702
423,493
596,775
334,426
321,489,775
139,455
69,181,750
59,211,253
11,99,207
600,687
102,185
70,179,262,379
192,802
124,127
120,192,907
500,625
3,579
69,207
93,139,517,626
155,581,809
134,150
111,953,954
10,250
47,128,876
86,381,577,802
125,366,520,852,974
19,394
8,35,785,831
356,676,704
111,382
96,130,254,713
97,194
614,892
47,672
153,642
14,658
129,199,560
24,96,772,836
417,850
59,652,771
4,125
105,408
78,165,217
54,200,285,363
381,923
32,830
58,260,676
196,624,912
231,438
33,104,364
151,384
264,548
579,786,921
15,43,62,165,187
230,272,379,832
111,498,926
494,818
167,752
129,692
81,337,548,735
28,287,331,572,955
34,414
184,477
10,259,864,933
92,104,440,471
40,344,653,794
65,282,749
336,503
204,264
10,212
133,268,510,965
239,292,424
78,502
14,100,101
238,578
11,69,711
115,229,905
54,220
6,56,178,318,979
87,978
115,135,159,605
12,161,188,312
62,75
138,306,347,368,727
134,232,912
175,272
3,663,782
95,301,543,570
220,984
150,590,716
138,204,218,781,792
366,861
69,782
42,393
13,48,71
217,824
149,322,365
157,483
50,342
187,707,875,918
91,113,289,319,416
225,246
7,985
2,39,78,431
1,102,226,302,490
59,132,214,877
549,813,948
139,176,730,840
58,978
60,105,951
50,83,940
88,568
63,237
23,344,577,713
84,85,885
66,195
296,385,641
116,579
8,547,669,891
178,403
92,188
445,851
85,157,539
76,303
298,962,994
22,567,821
74,479
113,164,354
1,92,302,837
91,954
37,459
292,522,556
2,160,428
21,26,55,77
1,47,615
43,81
169,219
161,572
414,827
120,406,415,531
138,927
3,80,473
130,564
26,460
155,455
569,875
116,427,514
39,101,277
475,508
146,956
11,90,118,266
23,609
100,287,347
549,929
18,108,217
506,732
689,846
27,65,118
201,252,389
15,493
222,327,387
124,605
198,474
108,204
142,320
91,481,727
34,115,212,309,816
718,726,756
223,246,680,770
136,252,912
146,827
325,559,944
164,609,907
3,149
167,258,322
185,475
265,914
42,109,151,680,741
118,526
135,182
40,210
330,658
26,223
195,224,384,729
145,225
38,112,496
1,311
3,266,322,993
528,646
23,240
81,420
88,410,466
36,165,877
51,179
81,135,880
693,788
37,40,281,372
95,270
109,481,997
36,74,303,848,957
2,486,838,854
594,639
12,841
395,454
100,410
52,797,919
5,293
80,881
7,256,689
132,183,224,725
149,258
2,7,545
123,253
37,203,814
275,598
368,371,466,621
43,112
81,152
1,16,41,773
91,263,303,680
5,100,146,938
18,193,438
219,497,897
155,406,809
491,520
191,602
82,85
813,814
300,637
129,289,557
93,103,149,215,315
311,832
170,301,898
47,83,705
1,931
402,683,719
382,448
129,632
58,697
18,143
121,650
302,639
85,118,620,803
172,202,351,738
210,913
9,118,493
26,720,834
391,512,622
269,717,812
37,227,546
138,722
122,243
73,493
198,606
47,187,189
333,658
28,74
26,965
172,423
6,983
48,70
194,718
79,529,589
101,239
19,109
10,69,181,977
84,111,614
14,20
17,883
82,122,128,205
178,413,507
79,652
57,67
157,185,668,747
28,949
50,598
98,823
651,934
10,200,207,250
133,449,569
225,745
322,877
48,256,486
197,728
183,334
546,922
179,313,546
34,117,448,662,728
78,192,393,881
86,94,305
943,967
4,239,396
230,892
874,996
12,43,119
120,822,937
173,350,770,797
361,730
199,429,729
405,482
46,240,468
82,87
21,195,487
512,921
115,760,799
78,564
65,102,513
126,263,363
38,173,531
40,162
80,665
297,386
52,97,106
320,725
98,172,840
19,155,887
228,600
214,224
93,123
261,834
31,208,242,388
517,822
30,71,590
27,378,532,620
105,112
166,666
342,364,937
154,936
29,61,133
766,984
30,106,171,677,681
96,296,687
67,274,503
453,617,838
154,304
5,100,635
27,57,167,470,620
523,831
294,314
111,388,465,758
78,680,945
82,124,361,419,683
167,712
316,714
14,17,20
102,297,402
69,640
83,820
21,29,438,595
303,845
25,180
158,233
314,347,546
136,161
15,21,363,526
35,202
103,438
65,568
25,250,268,399
4,153
16,101,105,425
160,853
169,186
51,214,641
25,165,513
312,505
11,161
3,7,9,115,241
3,149,431
25,228,373
18,404
79,587
10,83,297,483
569,832
265,593
50,64
57,89
194,365,967
71,136
71,312,596
13,51,194,562
274,389,428,678,974
93,431
101,354,439
18,45,66,418
89,885
5,741
192,244
31,49,56
195,707,973
45,650,665
12,55
23,319,375,435
621,991
82,218
365,448
75,275
28,119,989
95,190,499,702
528,717
9,308
14,237
356,487,704,897
273,373
58,267
6,22,326
264,998
106,184,335
13,741
8,252
107,367,521
18,206,232
112,427
142,169
454,479,628
101,174,553
4,897
13,150,179
60,78
6,633
31,392
45,334,418,454
382,673,869
240,351
401,547,881
113,164,283,773
3,311,328
54,352
843,980
120,129,472,742,926
25,176,492
125,182
243,316,528,585
174,908,931
6,42,234,473
142,772,950
323,553
95,277,925
61,91,939
71,108
28,153,169
71,932
265,692
66,431,928
74,385,504,699,966
295,434
206,286
118,134,136,906
18,114,215,834
186,364,647
299,858
5,29,503,644,961
53,604
44,98,187,446
12,228,803
89,122,235,299,390
133,178
358,501,830
68,213
299,518
109,304
437,451
35,95,228,270,722
471,608
6,96
170,939
288,493,703,742
89,682
137,657
38,707
188,512,596
27,121,229
114,560
280,627
53,251,491,744
455,935
15,165,593
140,278,396
43,295,398
79,903
126,275
697,931
192,393
69,245
26,377
555,611
85,367,988
65,198
39,804
180,655
28,51
249,473
444,469,887
289,467,758
112,307
332,557
29,57,672
53,335,828
9,55,147
72,506,732,770
108,203
66,103,311,357,619
70,587
2,97,172,524
54,60,76,524,996
38,162
31,586
114,203,231
246,584,936
261,311,523
7,173,411
59,131
86,497
168,584,990
654,960
211,594
337,618
28,261
147,720
56,654,807
447,710
281,288,698
167,446,548
188,535
4,78,588
147,505
470,558
327,521
572,998
272,273,376,975
379,800
23,163
510,699
24,205
291,993
92,179,235,942
10,11
61,178
53,439
151,343
215,866
134,703
57,65,526
110,208,310,418,928
185,589
16,62,128,499
51,70,296,471
76,121,127
20,88
55,991
132,900
262,484,617,955
24,49
291,508
71,376,387
2,915
72,266
99,561
198,789
81,777
338,620
21,41,116,135,244
6,74
35,301
91,289,382,407
31,242
2,7,107,537
50,520
137,314,555
33,34,104,162
273,550
68,561,788
48,776
266,523
61,755
239,400,779
21,264,370,697
5,344
356,704,992
5,127,953
257,662,969
231,948
24,56
145,390,460,498,847
119,775
1,49,100,828
17,24,568,635,689
63,98,799
159,448
60,564,796
144,293,326,488,634
32,978
62,428,791
176,976
83,551
270,439
97,100,961
39,683
65,91,96,217,759
21,54,58,174
56,701
168,198,327
12,184
453,594
97,198
163,240,291,771
104,161
9,304,619
594,951
269,298,646,874
12,283,308
133,495
38,62
15,41,47,384
9,308,477
56,242
9,31,84,234,805
201,250
31,59,491
85,121,122
353,407,647
1,6,34,52,280
14,516
95,129,690
222,341,574
3,52,576,626,683
377,613,970
150,236,496
211,325,403
111,258,740,897
49,210
154,636
396,643,724
327,818
245,377
73,148,980
63,186
556,611
39,659,935
88,381
4,324
93,290,297
48,106,247,414
68,224,267,472
9,339
364,896
20,518
88,529
111,412
64,98,173
1,91
377,480
195,955
286,685
228,274
276,334
1,41,302
13,70
235,736
2,230
42,847
137,291
468,531
37,356,550,596
87,225
8,125,184
177,253
81,427
32,121,184,574
55,300,854,864,952
152,788
6,48,187,540
146,856
27,532
54,922,987
103,916
79,116,284
144,181,744
8,23,270
17,22,651,749
40,41,130,757
73,135,187,843
13,422
94,278
42,397,831
27,36,980
374,710
44,172,730
59,910
99,599
215,234,453,696
37,40,67,147,451
113,243,256
40,122,777
15,38
33,104,525
75,735
120,834
32,528,536
746,967
44,241
44,236
102,624
107,244,537
142,245
132,338,922
137,358
458,767
42,729
76,78,80,255
25,120,412,524
397,485,706
30,95,106
44,884
45,52,771,794
209,752,959
858,895
153,889
202,246,404
13,206
62,263,296
15,420
6,49,330
22,58,66
52,560,698,912
137,610
57,221,606
162,200
54,69,207
166,339,662
38,424
536,919,946
272,670,940,970
16,559
5,44,455,467,712
481,745,800
50,89,151,675
54,638
60,649
25,447,533
30,319,376
138,364,476
89,125
8,18,424
72,820,915
212,467
60,576,659,935
487,992
141,278
13,154,159,850,972
24,54,627
25,408
16,39,105,424,591
449,658
33,60,75,226
62,75,110,375
662,686,902,934
49,56,84,148,434
71,82,94,291,574
42,906
12,152,279,905
337,443
41,123,509
508,573
39,52
265,575
249,780
93,180
17,222
123,694
21,325,583,839
15,75,122,556
22,193
104,109,364,495
74,101,303
36,488,940
23,33,312,351
25,589
23,208,748,778
57,104,123,472,859
195,937
79,90,116,148
543,551
1,667
34,146,309
465,519,870
32,128,534
11,189
55,72,366
422,430
108,433
41,502
169,412,484,660,916
24,255,313,981
142,651,946
24,140,812
11,984
189,202,273
141,240
30,48
265,620
375,480
7,826
9,201,997
76,126,931
226,340,753
345,346
170,941
379,586
19,69,331,427
47,76
205,212
2,7,427,643
290,976
17,32,107
479,564
64,187,263
679,882
208,930
244,399
21,26,362
2,38,72
57,139
66,203
173,941
211,583
17,44
89,107,444
73,116
130,271,283,498
42,249
36,479
65,73
114,204
231,507,510,514,811
43,385
148,607
223,580,762
59,360
30,257,378
353,805
57,174,464
9,12
81,129,631
19,40,168,703
355,915
104,606
16,52,292
182,447,538
31,84
