377,779,1692,1892,2319
698,2238
206,891,1347
651,1045
173,398
1388,1516
195,565,1561,1605,1742
213,594,2829
81,821,935,1394,2118
1752,2219
93,1024
33,68,844,2283
1451,1844
149,162,613,1430
1388,2112,2502
1473,2526
226,2318
855,2288
19,2693,2843
871,2894
629,837,2722
1284,1321,1433
2097,2108
42,1660,2064
437,644
1533,1950
202,841,1239
1136,2557
91,547,598,612
817,1415
113,190,754
752,1846
1193,1783
144,2179,2906
784,1857
34,1628
12,293,1460,2488
344,955,1825,1914,2254
456,682,2681
1166,1398
378,658,677,1478
173,733,2270
771,2829
323,770
8,287,319
348,796
788,1784,2738
169,716,2233
347,593,1188
1827,2553
449,512,1577,2000,2780
247,2952
238,1060
75,151,1281
2056,2316
806,903
2244,2631
1511,2256
1142,1497,2517
1164,1411
610,991,1975
679,1575
1257,2963
800,1675,2416,2717
672,1250
51,2913
194,2980
576,816
263,800
1164,1710
161,1294
331,336,416,1357,1909
505,1230,2135,2840
2226,2383,2520
1024,1388
334,1265,2780
377,2697
284,444,495
570,742
73,508,724,2116
1457,2012,2171,2338
282,949,1217,2342
278,634
1437,2519
2500,2651
707,2478
455,501,2133
168,625,1081
711,1828
252,2799
253,662,1418
439,1707,2648,2972
20,1691
443,541
1090,1937,2617
31,153,2267
812,1644
237,1595
222,710
998,1887
67,398,2091
189,1909,2419
14,230,260,754
960,1547
58,2079,2926
1466,1802
1076,1383
1196,2719
151,627
40,248,798,2092,2748
289,1434
84,781
2090,2883
232,1080
432,1563,1571,2194
1304,2733
884,1506
593,942
363,1253,2353
1358,2176
438,700,824
1729,2254
140,1616
207,476,2736,2958
353,412,582
103,434,1735
370,515
217,619,947,1021,2652
320,1809
323,423,1201
17,176,1940
133,2015
299,1625
706,1934
291,396,1297
1061,1544
234,673
1139,1543
94,1130
1058,1105,1511
538,1618
43,1523
1047,1805,2715
32,70,519
1913,2096,2130,2481
474,1210
228,1148,1332
749,1228,1384
823,1554,2341
238,1191
298,428,1752,1938,2468
21,1621
1030,2532
182,2463
24,2384
130,801,1535,1941
647,732,1772
203,1406
154,687,881
184,1045,2687
303,468,2070
2250,2308
2380,2783
98,2780
223,2064
1400,2094
128,449
671,965
2614,2628
105,1046
416,1050,1524
1073,1904
252,1162,1860,2325
2494,2624
515,2775
2534,2842
6,1458,2690
1378,1645,2106,2447
196,317
2219,2682
326,476
877,1870,2875
706,732,1768
237,1720
212,2974
190,199,410,1012,1260
464,1773,1900
83,2315,2503
482,656,1110
52,325
408,2998
53,380
24,810,1007,2014,2733
2096,2481
56,287,1011,1229
162,895
850,2192,2883
420,1502
2591,2741
672,757,1070,1545
44,258,1263
158,2375
229,2296
47,1325
491,1272,1401,2469,2879
78,1864
623,2848
36,150,477,1266,1306
39,581,1137,1852,2612
1935,2846,2946
2712,2908
170,833
1480,2022
15,168
153,170
47,2490
404,548,1783,2145
394,592,615,1507
462,2844,2862
754,982
616,622
501,2838
369,885,2793
426,2171
120,519,1129,1470,2884
22,785,947
669,957,1816
50,206
521,1561
660,815
1561,2142
955,2379
181,2679
159,443,2068,2203
584,1340,1493,2401
28,974,1079,2970
9,1034,2012
1006,1165,2985
244,1105,1289
546,2000,2989
1273,2233
549,1075
183,789,1085,1367
1017,2092,2784
1082,2785
1711,2254
1180,1689,2341,2600,2933
632,1173
496,1601
607,1417
1743,1842,1858
1266,1671
1077,2860
577,727,1325
22,556
2078,2644
813,1897
278,358,2714
31,788
441,729,1491,2385,2487
16,678,1415
248,583,2562
513,2502
93,1221,2128,2413,2671
1,189,593
389,2074
109,2359
126,493
204,1629
230,2076
396,1028,1685
238,1061
572,1678
271,1253
659,1260
134,252
84,1966,2839
62,308,459,1564
896,1385,2149
33,2282
206,286,408,442,2077
1260,1616
305,909,1065,1259
797,2014
127,1085
457,2481
988,1918,2456
1522,2351
697,1013,1246,1876,2398
16,245,1201,2470
788,2161
306,1117,1701
749,1628,2210
1122,1908,2205,2592
88,528,1956
294,810,2550
119,590,1300
111,306,813
843,1661
401,1556,2642
28,161,207,1202,2696
138,1460
127,358
115,373,2396,2589,2945
781,2614
853,1326,1942
850,1035
495,2639
643,2067
216,1500
1506,2112
691,722,1947,2006,2534
576,1062,2085
1202,1861
1798,2265
262,2470,2908
793,797
15,467,2389,2852
1692,2367
155,601
1878,2830
384,840
263,1788
77,1341,2888
1198,1310,2711,2904
489,783,1303,2250
356,929
2575,2906
309,2104
492,1230
268,753,1516
592,1524,2071,2654
582,1356,1399,1824
454,793
1942,2756,2843,2861
836,1092,1851,2752
1803,2474
396,584,597,1012
527,1537,1577,2261
61,1090
316,583,2205
1877,2013
175,951,1122
189,423
770,830
88,371
1477,1520,2034
1425,1965,2477
921,2477
132,316,1377,2528
412,759,816,923
2196,2892
788,2087,2186
872,1430,1784
999,1142
225,323,2317
1798,2223
1982,2280
1581,2677
1250,1896
130,442,801,1016,2457
793,1177
513,1823,1876
111,406,1735
368,1370
465,544
19,24,1701
472,1291,1408
979,1863
60,2292
1536,1842,2451
432,1268
725,2269
458,602,2487
47,67,2162,2280
370,2093
64,311,752
54,136
115,683,700
1951,2591
1412,1479,1669
1102,1518
795,1839,2208
1140,2120,2728,2944
1100,2794
885,1617,2356
707,1390
321,1035,1602
879,1434,1992
24,944,1224,2920
238,286,2333
1041,2929
208,1184,1190,2808
585,1127
717,1245,1532
441,1656,1960
219,375,481,1769
1329,1403
190,350,2114
1023,1125,1980,2127,2586
540,2064,2150
413,456,802,1308
2174,2757
208,1138
1943,2669,2762
87,338,812,1364,2696
539,1300,1643,2619
298,2095,2615
318,1194
12,72,408
515,743,1180,2357
358,1841
838,2470
1881,2970
2231,2268
2,681,2456
106,558,2010,2287,2495
1677,2379
113,122,247
89,451
521,1819
1617,2945
191,2296
85,302,483,626,1351
326,471
19,246,458,469,2948
8,518
365,2886
327,1816
943,1261,2907
554,755
295,536,2191
1848,2907
636,1821,2023,2625
650,1043,2153,2536
1747,1877
918,2972
43,1424,2665
16,1435
180,633,1632,2483
1243,1674,1990
330,2983
2228,2523,2945
217,532,696,1158
1086,2053
2176,2503
1066,2777
113,959
456,676,2749
1084,1287
217,1922
215,1339,1861
347,559
1628,2032
736,1871
456,2090
971,1704,2286
158,1451
1882,2188
1343,2646
1244,2559
225,898,1452,2215,2872
2391,2672
363,1600
112,605,2062,2525
103,894,1837,2039
879,2345,2566
1018,1685
615,2193
1712,2961
14,1544
50,135,1100,2462
270,1623,1874
3,2625
9,2108
85,914,1373,1717,2241
433,2043,2439
1059,1500
507,761
92,242
251,975,1280,1870,2565
540,1836
9,272,593
192,357,1780
575,731,774,1063
906,1529,2083
404,663
618,696,948,1064,1157
17,1556
175,361,1160,1807
710,866,2063,2969
373,1750
33,550
175,434,2574
124,153,603
122,313,511,719,2916
75,1094,2877
626,720,1116
1461,1818
554,1078,1344,2860
188,2169
361,2698
331,723
1480,2392
195,399,2195,2654
38,842
71,1585
709,932,1689,1914
189,886,1136,1599
1956,2944
489,1170
8,33
615,654
78,1536,1732
405,635
671,925,2436
2387,2589
46,481,511,682,2046
16,308,401
354,741,2396
241,2816
1112,1732
858,1902,2518
408,1380
609,792
19,1133,1228,1538,2353
533,1160,2900
134,481,1706,2179,2863
1458,1613,1760
281,970
564,1351,2519
574,1155,1900
65,427,2010,2941
224,2053
49,437,1450
387,718
295,1167,1633,2304,2909
325,514,1740
757,1866
993,2200
831,2391
290,1471,1815
149,565
564,888
55,373,562
65,180,2148,2670
305,1467,1952
89,543,1625
50,1064
1136,1361
132,854,2259,2656
195,654
568,1520,1621
1104,2877
366,1453
70,153,662,1047,1887
206,2144
74,459,2654
1869,2940
1369,1999
826,1948
126,207
1533,2095
235,792
1483,1593
794,812,1041,1838
665,1934
186,525,1411
213,268,1978
754,843,1199,1335,1824
1951,2527
500,2016
429,677,1175,1601
688,2414
1793,2049,2400
52,231,427,1208,1588
2330,2689
194,524,1381
234,848
490,601
785,2453,2893
229,470,2690
232,1450,2871
144,1290,1662,2742
88,575,1663,1845
952,2266,2974
330,1770
331,548,812
140,428
288,2598
268,690,1894
617,994,1662
554,2484
602,2447
506,555,1847,2923
1022,2230
675,2170
1071,1578,2737
2148,2719
1239,2358,2897
78,377,692
786,817,920,1436,2497
323,807,1404,1902,2393
339,786,817,2468
303,2307
1064,1065,1956
454,964,1509
1413,1653,2475
1315,1734
79,869
433,1020
581,2838
1570,1841,1888
128,1280
2669,2819
885,2182
401,583
312,2932
140,2095
409,1635
73,488
307,2822
305,878,1033,1267
144,802,2784
485,919,2042
92,2439
241,870,1515
219,458,1006
67,1023
608,2397
62,1513
1269,1908
58,549
83,950
390,669,2223
1051,2642,2828
157,473
1567,1770
1016,1641
160,285,753,782,845
893,1975,2558
979,1454
765,2361
749,1489
494,2222
1134,1278
475,570
1179,1668
1147,2957
75,146,1833
387,1463,1665,2342
152,399,1036
1806,2692
34,1501,2900
436,449,1051,1703,2668
1612,2950
278,914
1870,1915,2831
458,1022,1148,1265
673,1349,1478
1400,2171,2347
181,580,651,2544
1164,2021
126,527
54,640,2145
102,265,1855,2309
124,902,1689
419,1403
679,996,2451,2761
317,1313,1675
47,779,1101,1325
62,154,1137
207,2068
796,2208
643,1483
1846,1961
93,584,778
46,160,2979
281,714,1364,1825,2309
583,947,1485,2805
60,2032
352,751
266,398,824,1861,2401
1686,2115
2485,2834
1698,1901
701,1563
1410,2047
64,676
209,614
864,2807
442,1220,2063,2303
33,61,760
267,543,916,1074
231,917,934,2291,2476
1097,2012
806,2643
813,1589,1646
558,2866
916,2682
1162,1393
616,780,1088,2812
80,632
55,1783,2509,2677
69,2437
117,1798
343,458
84,359,505,1274,1439
631,1534
818,2168
126,1150,1678
471,1274,2375
1789,2955
328,516
1,1301
468,1114,2783
1283,1782
552,603,967
238,469,1568,1814
1192,2867
284,2857,2958,2971
86,2986
869,2908
1294,2867
1087,1892,2604
233,1417,2218
1308,1617
35,847,1481
43,2426
243,577,1290,1924
1213,1695,2067
351,1449
324,446,1828
277,649,2249
53,330,1304,2224
114,408,1811
380,571,1669
1296,1795
210,1187,2102
136,607,766
102,1321
2716,2811
258,536,1311
324,1108
270,1034
43,563,1702
496,834,1968,2633
99,2094
151,270,1582,1915
299,1781
444,876
973,1699
1970,2446
463,777,2099
321,608,1072,1460,1495
698,2059
809,2397,2729
90,1487,1864,2859
1225,2586
68,1291
1052,1204,2499
27,239,958,2515
32,70
1293,2834
210,1013,2840
999,1505,2040
1961,2559
727,2056
673,2986
1147,1319
657,2621
166,616,644
768,2041,2201,2993
2300,2535
65,441
322,2997
1148,2569
1577,1930,2280
571,639,1232,1288,1933
68,1425,1887,2549
569,1526
967,1520
48,172
79,1437
517,1151,1213,1296
56,1511
62,68
1744,2836
1466,2399
578,665,1704,1983
402,619
293,1954,2271
388,1473
87,506,902
83,888
1315,1799
1622,2696
122,1102,1180,1996
96,2017
628,1026,2178
874,1205
12,703,2034
1134,2975
102,2800
116,551
486,540
1059,1185
137,737
1257,2274,2460
160,927
344,1706,2440
178,382
6,731
2259,2451
439,721,1248,1640,2778
668,1755,1835,2379
41,1751
1017,1031,1241,1688
376,693
224,1533
263,696
85,372,2699
56,314
156,478,1192,2091,2319
708,835
969,2796
172,1090
754,2084,2200
595,661,1794
84,1009,2003
97,604
1402,1852,2103
1075,2824
665,1601,2567
710,1890,2739
228,1226,2617
395,747,1936
848,1251
678,1831
681,2382
352,365,614,751
2755,2977
144,1489
1687,2400
517,910,1884
2235,2498
141,397
202,1980
492,973,1671,2220
34,2971
314,1375
502,2204
420,652
572,1653
44,986
569,585,595,2522
289,1757,2823
68,1191
185,255
171,1811
1,266
431,469,2341
88,1842
175,201,292,361
2304,2305,2756,2840
1113,1186,2412
341,679
1735,1994
444,744
953,2817,2970
2203,2706
180,630,1624
1046,1410,1530
1800,2210
557,1491
352,1760
1676,2773
86,1093
1428,1978,2441,2711
78,1379
317,2751
69,581,2437
809,1334
345,1598,1951
2556,2771
386,729,1197
226,2893
779,2181,2633
1389,2578
196,772
128,1083
637,1039
668,1948
297,1485,1487,1587,2552
1516,2968
370,393,410,2582
787,2052
630,718,2630
185,1451
7,667,780,964,2534
1347,1841
29,2441
1427,2100
1621,2714
1488,1646,1759
798,1714
76,381,1024,1099,2270
204,1842,2836
579,2210
68,139,303,431
116,798,2276
59,1734,1968
175,1358,1450
588,2073
62,513,888,1002,1294
92,1321,1759,2046
345,1239,2708
338,2371
213,1149
28,663,758,1056,2454
27,574
1157,2604
28,787,903,1068,2846
568,2931
371,435,683
13,368,1469
861,2123
1827,2036
8,348
270,487,503,784
42,492,652
1276,2176
159,1559,1767,2164,2445
66,87,163,1906
1243,1580
647,880,1031,2512
160,257
1786,2804
2218,2596
196,1146
184,612,1422,2690,2837
211,294,610,714,2792
255,1149,1543,2172,2721
106,2417
994,1919
481,1101,2147
223,1106,1211
46,923,1032,1966
1838,2353
397,451,758
52,2417
20,518,1235,2330
1904,2410
464,962
756,2530
894,1304
251,651
121,2411
833,2125
108,1169
26,776
274,1089
851,1540,1851
24,2566
143,226
56,244,821
239,2765
119,2627
83,521
31,72
731,2894
1066,1658
142,933
134,1632,1697,2602,2658
212,958,1406
772,1402,1925,2647
401,979,1878
412,1016
2016,2085
1441,2306
97,2060
113,500,2800
273,1476,2533,2716
476,563,2020
473,936,1739,2352
1756,2269,2882
629,1069
466,1010
739,1238
361,758,1810
251,1088
256,2881
229,327
887,1364,1817
420,2746
273,1172,1570
113,168,175
1324,1430
441,988,1930
405,859
213,1003,2812
739,857,1113,1851
480,1095
189,1375,2652
556,743
1724,2031,2088
858,1877
630,1817
570,700,2715
373,570,2502,2778
1434,1446
193,2303
222,272
27,603,2888
443,1484,2751
125,840
203,773
1104,1634,2420
868,1906
1050,1357
184,917
333,1520
81,481,568,839
765,977,2367
433,1202,2777,2882
455,2908
645,648,2210
1626,1912
1026,2047
624,1316
964,2414
309,867,1093,1110
43,587,1723
561,939
232,1183,1484
1190,1878
18,709,2222
894,2624
1033,1394,1732
324,1031
593,1354,2960
294,845
1672,1901
100,217,755
538,1533,1571,2119
276,511,1240,1250,1470
694,786
391,2088
225,1261
391,2555
137,2099
803,2223
17,1944,2070,2553
8,1691
90,181,260,385,2950
324,648
1066,1189,1333,2654
951,1402
22,1256,1576,2358
129,229,716
433,896
156,312,330
442,971,987,2339
133,1063,1101
164,1918,2128
125,328,563
422,1548
538,2056
512,1213
196,648
1278,2788
795,1599,2334
2555,2968
427,739
28,121,2345
1886,2538
299,504,692
457,2539
197,1076,1333,2352
991,2629
462,895
116,1469,2618,2988
1151,1659,1908,1992,2370
392,1810
361,663,990
457,2011
605,1628
380,2075
182,1464,2097
48,1319
1349,1997
1763,1774
610,1064
508,1590,2130
1099,2940
526,2975
466,716,1473,2225
1818,2569
654,2882,2991
131,2297
86,358,1965
836,1092
813,961
86,2443
1534,1780,2189,2759
1169,2035,2723
272,866
671,971,1907,2252
740,1673
2047,2925
1059,1723
139,1832
518,631,807
1271,1443,2730,2882
651,972,1569,1652
170,492,1913
248,722
145,2973
608,1039,2366
550,2302
1985,2091
2061,2558
628,2190
1374,2963
109,2856
1008,2726
1629,2718
390,637,2089
2167,2583
603,1316,1948
114,452,2342,2386
540,566,2467,2717
13,497,2380
1879,2128
806,1979
168,1839,2603
307,889
69,638
523,1336,1458
513,2238
1420,2739
218,2372
1441,2799
485,511,1282
495,1109,2801,2965
2276,2793
486,2076
118,292
6,10,843,1937
157,1822
500,771
1031,2533
82,108
243,1707
238,1718
6,199,665
417,2258
411,2046
15,1081,1386
15,795,1146
205,1293,1575
256,1102,2326
908,2244
280,712,930,2138
409,582,1573
280,1098
171,1109
2644,2661
49,1755,2200
1712,1737
849,2937
37,602,1745
39,920,1670,2928
935,1108,1196
718,1592
466,1072,2450
162,721,790
60,74
112,882,1057
1618,2227,2299,2844
476,1169,1550,1992,2313
321,324,2478
808,1273
2220,2640
276,676,1565,2320,2481
98,2476
259,2168
618,1132,1975
198,2423
41,96,246
449,987,2915
446,1554
563,1674
319,490
170,488,1037
471,704,956
233,1659
114,997
2110,2184
163,657,2333
81,1909,2861
244,738,772
318,2432
883,944
743,905
476,1011,2290
245,450
280,326,2726
1968,2604,2854
292,1054
688,1522
484,1177,1613
147,2682
454,487,672
94,719,897,2807
317,741,1982,2273
817,995,1886
186,1722
1761,1823
455,646,2906
316,1736,2921
1701,2983
1426,1667,2279
132,523
1191,2434
2,1181,1779
596,822
939,1056
1107,1194
280,671,1058,2073,2812
160,295
776,1344
1705,2049,2983
237,587,616,1214,2714
274,1190,1494,1709,2169
299,1647,1735,2927
876,1860
65,899,1228,1247,2453
574,888
56,1161
1442,2383
135,147,1327
526,752,967,2685
336,960,1580,2520
639,670
411,1060,2006,2745
131,1798
1182,1254
1128,1385,2358
170,183
1690,2247
237,295
180,618,2705
412,1155,1512,2352
184,510,2135
1239,1512
660,691,1788
303,963
738,1998,2205,2402
1289,1444,1781,2616,2918
1654,2663
482,934,1173
727,895
244,695,2215,2736
586,1578,2628,2858
80,855,882,2244
84,1313,2080
697,1987,2331
1399,1497
1143,1293,1790
750,752
878,1163
1237,2993
526,847
919,924,1237
417,2532
585,858,1417,2797
15,333
927,1760
619,1021,1380,1864
461,2798
135,1941,2094,2861
661,2585
82,889,1140
805,2009
1076,1798
1379,1758,2795
1267,1542
397,1010,1834,2552
628,1842
2053,2378
406,2150
330,341,624
153,2943
3,773,2049,2833
935,1258
248,1674
352,684
169,2199
2327,2885
839,1383,2640
225,807
977,2357
633,783,1247
236,498
99,317,1039,1400
698,960,1306
353,738
41,803
539,638,799,2980
322,1837
257,2692
1487,2724
15,2044,2643
847,1551,2036,2626
436,975,1153
35,281,872
478,1918
211,723,2496
513,1384
1475,1665,2198,2237
154,2191
3,410
214,2033
285,826,2043,2275
65,1181,1504
1291,2259
1459,1688
253,1781
771,1320,2487
2511,2826
46,974
140,298,428,653,1780
725,1053,1362
36,355,2581
130,248,1369,1941
678,2463
622,2277
161,401
1359,2459
1003,2003
267,970
50,349,799,1131,1399
367,1955,2753
2009,2373
25,2631
1002,2261
386,1802,2363
968,1331,2674
451,1126,1159
485,866,1479,2653
308,1030
77,1913,2637
522,1475
173,1526
27,823,1690
474,1176
143,1465
43,81,331,1348
1015,1106,1558
49,990,1342
516,579,999,1549
207,976
430,2167,2933
110,694,1371,2717
598,1663
341,996,2242
835,2281
220,723,1673
1276,2662
856,1871
2,2500
662,2754
77,2464
19,2669
144,1008,2703,2864
22,2953
318,796,2079,2399,2684
448,1895
252,783
13,810,2658,2931
56,2860
141,651,1642
878,2898
1602,2922
566,2595
323,2736
867,1446
2082,2316,2455
20,249
23,2096
119,1051,1297,1304,1507
536,1658
1342,1666
7,188
360,1466
115,274,518,1499,2052
448,928,2994
8,291
228,506
23,599,2517
928,1002
547,2150
310,973
871,1982
1084,1891
236,1464
1185,2839
395,1133
255,905,2852
490,2825
2533,2732
1118,2549
355,936
220,2985
444,1551
852,1322
354,733,856,2117
31,2876
369,1407
247,2227
54,231
1611,1826
1718,2247,2405,2984
1181,1219,2571
940,1299
863,1415,1949
334,1957
69,2031
57,296
432,442,867,1826,2645
1727,2015
627,1766,2121
152,362,1591
16,666,1409
511,811
422,612
220,814
451,2790
279,1966,2317
526,653,2682
62,354,785,2090,2988
157,1437,1478
1419,1749
43,703,1903
1736,2221,2919
81,151
106,1558
255,316
450,936
1975,2226
992,2053
883,1021
52,1558
410,2127
74,565
1832,2173
1927,2402
171,959,1397
1156,1937
985,1627
911,1079
1288,1849
455,2066
761,781,1509
334,2954
280,2464,2674
109,632
36,641,2547
429,546
1270,1913
478,1153
118,1983
57,756
384,580,1354
899,1684
209,1511,2579,2789
29,2063
963,2949
249,387
1277,1859
608,1349,2646
29,677,2598,2713
95,594,2121
1579,2314
827,2099
202,443
256,2573
748,2386
392,1252,1824
1843,2392
300,301,426,592
12,1055
282,486,983,1801
216,372,588,932,1247
153,1401,1462,2515
519,573,1147,1836
220,1299
290,1613
1043,1543,1583
951,1615,2101
9,32,210,1225
242,1122,1763
729,1030,1757
468,540,2651
127,296
426,493,595
9,765,2405
1326,2137
664,768
1415,2928
595,858,1137
157,260,2245
105,2045
2205,2877
1490,1662,1891
412,1462
1290,2123
41,108,515,540,737
200,424,2302
68,471,539,1333
857,2044
1597,2123
112,127
284,405,553,1983
350,606
278,1519
102,1863
192,465,2321,2784,2938
88,112,417,2865
515,702,927,2550,2958
65,1393,1794,2148,2639
419,495
1893,2134
1038,1152
1759,2157
369,2310
740,2270
222,248,707
808,1912,2890
1970,2157
1659,2611
1783,2936
672,746
314,1029,1139,1795
706,2013
1056,1351
365,1588,2544
354,1683,2162
26,1075,1815,2009
926,2034,2330
8,236,411,946,1039
146,1188,1885,2286
1547,1866
2044,2821
231,2987
914,1025,1423,1733
123,370
603,1247,1537
1075,2116
1062,1546
875,2878
110,1779,2334
195,841,2247
769,1322,1800,2126
208,800
62,472,1184,1363,1560
416,442
717,1064,1857
144,2632
628,763,1712,2336
1230,2847
2438,2786
266,1635
267,291,1382,2820
994,2777
93,196,1636
1022,1947
815,1556
524,952
664,941,1693
42,239,399,1282
264,852,878,1778,1987
553,967
242,293,943
157,2887
77,978,1318
1133,1960
1159,1897,2018
1799,1851
632,1206,1756
118,137
130,1686,2566
152,1348
230,625,2606
32,1550
569,954,1812,2943
2217,2322,2382
1711,1795,2676
341,1903
117,199,561,2245,2713
282,1007,1101,1610,2558
373,1266
47,1501
243,1025
689,1626
895,2527
164,277,1359,2542
5,1549
11,2081
1044,1384
290,666
722,854
433,567,1743
539,1398,1421
22,1183
141,2480,2572
789,2736
1707,2276,2984
1221,1965
415,1047
755,800,1392,2788
746,1053
177,311,915
246,1103
1085,2285,2694
398,759,2721
599,735,1953,2795,2969
76,595,1790
372,814,818,970,2577
893,1545
94,975
2365,2710
14,489,948,2753
2662,2738
219,1314,2511
853,1611,2377
135,1115,1459,2856
271,940,1967
236,1209,1668,2891
868,1129
88,528,943
257,1831
257,953,2338,2419
72,156,549,578
227,507,1455,2030,2303
420,982,1059,1594,1868
1327,2750
46,56,346,611,2490
144,477
1638,2558
434,566
115,891,1368
836,2483
449,1853,2334
920,1145
684,2752
68,139
281,578,880,2115
678,2378,2583
388,2605
652,1089,1616,2015
1332,1973
271,1697
166,2509
1451,2165,2307,2439
138,751,1046
1772,2142
71,387,450,717,924
1084,1165
1026,1171
386,2250,2788
77,116,601
317,520,776,1075
269,2639
1545,1650,2909
258,674,1227
55,2814
365,510,2670
1955,2361
1500,2493
27,34,558
199,487,2278,2725
63,482,1952
235,1180
455,565,872
409,2528
423,847,1361
109,1282,1663,2460
201,1354,1961
1474,2350,2749
1314,2220
237,2054
659,1809
587,1250,2605
118,357,726
2137,2235
604,2577
91,736
1405,1794
45,2081,2850
67,1325
236,2721
491,547
516,1237,2007
459,707,1363
663,2784
497,1028,2983
145,830,1202
1105,1647
743,1422
1506,2622
566,2791
181,2103
348,446,2293
1136,2284
46,139,1028,1084,2947
1285,1911
245,2635
261,827
980,1012,2541
196,1138,1692
577,1349
131,471,1053,2593
752,2555
1510,2085
402,2990
687,2102
105,504,1317
117,1066
4,572,1383,1652
775,1345,2689
646,1682,2386
148,779,2181
542,2168
996,1921
579,2133,2419,2880
1364,2211
1462,1928
787,2310
948,1100,2103
609,1811,2336
466,2572
283,1544
470,518,926
2236,2489
356,515,670,2335,2640
2,1097
450,523,1128,1638,2849
521,2029,2277
476,515
17,132,329,1961
417,1969
250,1457
354,969
372,1270
637,777
10,272,391,2561
756,2641
684,1107
1489,2065
1086,1291
894,1258
443,2234
92,163,2822
514,561,759,851
292,1776
266,2163
203,575
145,148
121,309,550
744,1145,1740
229,674
585,2630
1238,1865,1874
1246,2449
5,444
223,882
572,956
568,699,1892
333,1249,1443
174,1881
1030,2896
597,2798
216,623
241,1444
839,2499
307,1379
45,155,740
55,877,1875,2282
600,886,1151
167,204,1163
57,2390
1358,1747,1979,2764
230,1226
152,336,416
293,1385
191,1011
279,1072
324,1014,2772
451,618,743
163,244,1372,1796
1068,1852
24,1829,2017
2608,2625
238,986,1014,1077,1567
1609,1638,2173
171,1499
42,1865,2161
1343,2057
196,718,777
357,559
1355,2194
94,1058,1953,2537
572,922,2790
188,2539
30,1429
1253,1950,2147
237,900,1002,1679
312,1328,2951
368,2198
1581,2328
885,1104
2757,2921
1165,2768
123,2147
8,1009
956,1280
832,1042,1065
77,704,2207
133,315,2013
216,1081,2396,2751
1680,1741
1164,1508
26,30,1597,2313
110,374
304,2712
2513,2641
1264,1938
159,1040
861,2279,2970
268,599,2175,2359
512,1846
1120,1632
1230,2735
510,2911
1600,2905
131,385,2347
1208,1691
570,1559
759,1946
1566,2007,2296
431,635,1720,2993
101,2861,2978
224,549
32,362
912,2388,2430
302,738,2680
1034,2110
1154,2786
36,2456
469,674,800
513,2601
594,702
364,615
283,1230,1296,2540
45,2978
1032,2505,2833
46,191,1088,2921
445,2040
91,803,2248
8,304,2872
1028,1197,2337
618,729
407,575,1152
1556,1827
627,1542,2317,2490
1089,1543
71,711
1435,1850
93,2346
165,794,1027,1735
167,403,767,1829
306,899,933,2487
16,1158,1535
89,494,1527,2112
368,513,1849,2209
162,397,1640,1808
92,1610,1947
950,978
266,631
547,818,1704,1751
1447,1561
266,2423,2851
1584,2008,2381
1277,1318,1897,2150
1133,1292
265,1194
1097,1409
137,1255
163,470
1496,1594
1734,2519
133,903,2554
713,2366
196,637
329,401
135,1875
1807,2443
289,1378
613,656,2321
1158,1790
118,784
40,614,1082,2338
447,1852,1900,2984
540,984,2185
35,245,329,585,687
1161,1375,2299,2873
94,1028,1303,2148,2637
194,304,337,2951
97,522
74,375,1628
865,1435
578,1052
127,1954
916,2715
1040,1057,1623
984,1034,1796,2516
35,125,131
324,1008,2442
1023,1429
260,348,996,2731
135,304,1313
505,528
673,2314,2910
7,1377
385,482,675,1187
158,320,714,2078
745,1824,2356
702,792,1232
56,327
13,257,1192,2659
1202,1555,2482,2820
136,886,1906,2924
1567,1688
414,1515,1790,2958
2597,2748
1176,1531,1699
28,47,88,110
302,1116
542,2048
738,1375
10,1412
101,135
476,1600
1798,2523,2903
918,1027,2018
626,2672
139,329,963
275,2292,2436
1246,1430,2117
1829,2433
1040,2028,2845
179,418,2331,2504
492,1360
255,489,948,2061
271,996,1712,1838,2227
4,333,1608
295,450,2714
417,1107
1031,2345
29,2409,2500
1750,2590
909,925
1227,2995
236,341,2216
1739,2056,2814,2891
200,2930
496,1884
125,2170
271,311,2295
45,2118
80,664,1211,1602,2646
388,1070
438,534,2465
1477,1905
810,1979,2022
28,194
394,1269,2249
453,572,1109,1981,2675
779,1778,1884,2042
666,1526
18,711
23,860
338,2163,2240,2322
171,279,318,1286,2058
143,149,808,2590
2206,2292
658,730,771
97,1734,2141
432,1220,1622
45,211,220,464
1997,2214
1188,2432
1997,2461
962,1439,1498,2813
198,615,998,1715,2710
212,546,825
543,1625
1692,2880
833,1497
1305,2238
60,1471
1078,1281,1377,2707,2845
1177,1676
435,812,1485
336,764,1578
16,2043,2638
168,291,629,1021,2926
972,1031,1302,1827
216,1164
289,2024
695,1207
280,398,1195,1639
57,138,742,843,1139
462,2583,2944
193,1061
868,2743
130,1338,1390
129,467,1163
167,2265,2283
756,973
112,242
384,450,1726
977,1281
103,2516
145,1640
557,641,862
719,1381,2130
470,1267
179,249,2342
608,1138
762,1821
1316,2178,2936
210,1464,1836
1454,2360
1589,2895
430,1770,2072
1054,1481,1841,2918
286,1075,1389
875,1391,2034,2753
920,1862
1240,2701
526,2264
159,177,1394,2655
116,697,1044,2160,2308
215,2513
827,2805
352,2345,2792
1265,2479
40,1801,2830
736,1475
22,189
333,890,1350
101,907,1604,1915,2094
1341,2049,2157
58,213,474,2045,2959
1068,1457
435,561,947,2685,2775
206,630,1817
289,849,1360
705,1585
40,268
99,1474,1502,1868,2350
858,2702
120,555,1167
117,565,1368
204,2025
967,2687
108,617,2023,2621
1083,2662,2979
1463,1484
137,2617
391,1711,2325
250,2694,2799
454,488,816,1951,2768
410,2340
323,1620
704,1008
965,1387,1859
54,832
585,1449
892,1289,1345,2860
607,1168,1449
48,93,637,775
401,1634
436,2121
2398,2475,2788
86,127,358,1071
953,2402
29,1054,1389
461,977
955,1259,1626,2381
1087,2337,2427
247,1934,2127
314,674
108,724,1213
128,143,449,641
1206,2084,2455
1617,2141,2644
218,288,1613
855,924,972,1963
2458,2922
394,830
25,649,2109
5,50,633,2980
5,693
1404,1490
346,801
288,980
260,594,1187,1939,2384
327,599
509,1343,2002,2588
116,182
322,649,1692,1791,1924
734,1238,1249,2241
12,392
7,477,1274
149,1584,1892
202,674,1391
567,615,2225,2405
74,1319,1413
79,98,215,466
635,1468,1953,2600
97,574,1456,2699
768,996
58,114,2675
394,2087,2180
355,411,685
2032,2823
2025,2368
1301,2019
185,1300
651,1612
119,825
7,691,728
1269,2994
652,1185,1964
713,733,2380
871,2606
203,731
85,641
288,1065,1742
166,1100,1589,1704
423,1048
76,423,1462,1770
1358,2188,2249
83,2664
3,223,1235
108,1619
185,998
97,281
760,1347,2876
128,2821
181,1414
61,1693,1856,2133
2073,2152
526,1229,1752,2809
1713,1792
254,446
1252,1361
496,1977
677,867,1582
504,2815
38,2495,2782
926,984,2065
440,1168
1298,1867
686,1365
275,279
67,776,2123
1590,2877
304,1376,2173,2669
1754,2649
33,132,304,945
192,610,1131,1655
26,2524
453,542,625
23,2624
1005,1045,1258,1396,2722
644,1580,2055
926,1594,2366
1900,2664
1152,1236
405,626
262,2687
838,1477
52,736,1158,1216
98,365,614,2383
70,1596,2260
2042,2585
773,1791
186,874,967
288,425,590
161,255,876,1797
351,1603
21,2450
776,1657
753,1423,1729
274,1210,1527,2540
1182,2836
2155,2681,2727
263,449,841,1366
1771,2427
351,1024
194,2543,2761,2917
65,897,1362,1612,1781
1391,2251
549,1080,1165,1835
68,836
319,1480,1945,2197
419,1357,2100,2395
329,457
29,904,1110,1541
197,435,1751
97,2254,2509
2387,2766
1307,1607
1664,2514
120,429,516,797
868,1057
1041,1272
135,2806
1286,2109
664,743,1963,2152
763,2392
202,440,500
614,2404
510,1082,1128
1888,2154
73,80
745,751,961,1689,1922
230,310,554
148,2010,2928
386,715,853,1917
797,2842
1278,1372,1429
861,1106
60,893
430,2004,2928
931,1508,1911,2351
35,1981,2519
169,228,497,1632
33,552,2752
61,248,454,1491
299,686,1102,1218
848,2882
114,716,1035,1367
109,412,505,2904
2569,2819
346,2221
1268,1745
2081,2466
991,1356
150,722
2322,2898
280,1387
621,740
184,514,545
406,827,2865
50,1588,2308
832,1579
1772,2400
495,527
864,2768
2693,2709
259,674,1468,1766
376,747,1490
1725,2236
204,1148
660,2386,2626
979,2657,2874
205,813,1211,2939
124,173,750,2318,2845
780,1070,1736,2259
446,1060,1122
1069,2916
968,2323
1317,2276,2544
397,594,1315
851,2328,2890
2213,2677,2693
1633,2447
855,909,2542
15,647,740
106,431,1077,2377,2926
529,2767
139,921,954
429,1440
844,1343,1644
1386,1800,2367
80,2750
694,1152,1537,2885
882,2993
773,896,1657
3,2538
191,514,840
792,1806,2359
139,2796
1254,2448
850,1127,2506
194,1905
774,870,989
445,2142
161,569
33,1394
234,602,2368
55,1300
481,816,1115,2055
846,2172,2972
85,706,1673
591,1448,1592
1216,2325
40,417,2113
309,1146
168,1794,1926
459,2774
981,1443
264,994,1062,1938,2271
576,1785,2074,2766
212,1955
1280,2630
325,751
343,741,2542
286,1086
1334,1821
205,331,375,1885,2281
1430,2825
1370,1371
163,1329
6,754
181,385,1939
2098,2425
104,283
31,910
409,524
1686,2536
288,2785,2996
1080,1435,1707,1786
40,804
618,899,1004,1339,1948
343,563
758,1418
2108,2430,2532
2089,2686
704,2022
606,1296
28,719,2914
2,990,1562,2021
402,833
808,1420
942,1128,1541
1086,2940
380,1979
554,2923
299,1298,1537
444,483,1326,1551
154,2165,2802
1070,1509,1547
468,919
48,794,961,1571
122,1644,2326,2774,2780
871,1267,1440
294,404,1235
262,795,1958,2232
573,2161
21,412
517,600
1273,1333,2175,2440
255,746,1167
331,683,1365,1410
146,1049
971,1585,2388
1921,2892
237,1167
670,2331
353,2094
654,1259,1946,2248
575,1392,2508
345,1677,2232
39,335
48,969,1390,1411
1698,1925,2037,2901
204,1055
1559,2841
610,958,2599
87,1352
487,1238
4,623
11,782
244,610,882,883
217,2655
82,842,945,1945,1989
536,1761,2467
1155,1279,1649,2073
950,2560
905,1306
449,1071,1575,2092
5,12,938,1015,1306
1007,1192
22,2760
67,1879
25,1014
90,2866
806,1869,2359
420,1070,2202
440,2924
306,435,1459
358,1569
2686,2696
566,1122
379,908
294,1001,1317,2827
404,949,2181,2204
200,1114
82,1550,2332,2469
282,1332
1032,2032
472,1103
401,2255,2268
867,1528,2051
1263,1403,2955
282,299,752,1051,1228
311,590,1305
317,595,640
353,774,1607
1062,2003
236,1479
969,2063
963,1224
674,1385,2059,2541
113,200,235,467,2904
144,648,2892
570,1015,1018
100,1228,2121
764,1678
728,1108,1509
132,907,1765,1942
51,250
623,822,2735
438,2005
424,2070
97,125,358,582,2377
342,2134
112,2471
348,2106,2471
684,836,1546
50,1188,1882
461,695,1336
655,1262,2535
1483,1566,1807,2997
573,2418
162,239,298
146,1033
539,2184
30,729,2069
401,697
274,400
79,940,2299
366,2305
551,998,2166,2646
559,659
1620,2145,2215
436,712
159,790
196,2796
1212,2524
88,2147
1215,2918
2119,2297
1327,1505,2152
199,2471,2784
52,1208
978,2048
340,597
13,19,210,983
96,120,368,2962
345,393,760
1274,2960
1040,1451,2892
374,802,1151
144,1552
913,2651
254,414,1158,2283
3,2631
106,179
2056,2480
102,408,474,1456,2792
85,1655,1845
437,1445,2107
1026,2251
544,1022,1457,1751,2768
1080,2760
275,1566
1714,1732,1940
1389,2189,2425
484,597
285,1374
1051,2390
1891,2025
798,2454
82,210,345,573,2472
626,1804
1139,1666
761,960,1881
48,469
2323,2508
1036,1209,1479,1679
362,579,1773,1828
346,697
1379,2462
144,913
394,509,857,2828
984,1217
659,977
2264,2562
10,1681
240,598,881,2833
197,507
761,2462
91,422,1335,2946
539,1911
191,2755
756,1155,2282
2400,2576,2691
1930,2686,2969
13,1776
241,373
138,1934
460,1239,1725,2127
629,1857
236,333,2158,2431
98,443,974,1076,2496
1014,1725
115,1442
2450,2526,2681,2823
1554,2482
1,206,359,1911
17,495,2500
1641,1769,2548
494,1035,2341
562,2432
584,2513
432,2595,2727
214,2071
147,1359
288,896,1012,2661
282,1124
104,941,1257,2095,2857
393,1920,1988,2900
66,510,2856
241,1664
1516,1748,1776,1989,2681
843,2804
194,518,1337,2078
535,2416,2448,2501
778,1694
487,2314
1204,1880
249,1870,2774
129,695,1767,1894
49,141,574,742,1325
471,479,1899
190,598
424,856,1199,2155
1309,1428
1498,2726,2895
320,1994
1096,1181,1899
889,1683
219,2771
1242,1420,2055
141,1161,1438,1951,2678
62,457,734,761
672,691,728,2889
731,1353,1648
246,543,2606
89,2276
901,2915
337,518,1637,2382
547,706,2592
465,1006
1469,2212
109,1648,2354
364,483,2129,2315
564,1531
646,1386
147,2830
1212,2524,2616,2871
128,681
1350,2169
1642,2243
140,2843
952,1139,1788
239,1447
1853,1937
203,774,2115
824,859
938,1059,2394
54,1413
511,1268
1517,2427
726,2951
180,2647
2348,2936
1288,1478
342,720,1397
7,1088
699,2392,2697
691,951
352,1350,2047
1173,1691
781,1679
124,1620,1933,2256
247,2422
444,574,818,2137,2626
25,53,445,481,2844
140,340,407,2283
14,400
1971,1974
232,1181,1484
273,459
1162,1260,2116
551,1976,2132
593,2553
151,331
85,1256
1137,1207
263,364,1138,1345
231,961
1821,1929
2,1247,2731
205,655,1382
334,998
1319,1364,1409
88,1861
441,1174,1208,1813,2633
621,1785,1834
507,2203,2594
864,1418
1157,1719,2312
938,1154
1043,1727
499,1060,1119,1202,2203
1460,1695
44,998
2051,2536
180,336,1990
187,1017
147,650,1521
1817,2770
1715,2120
1083,1548,2576
1216,1741
174,582,834
654,1323,1988
1574,2537
34,123
889,1733
193,1573
66,111,226,656
322,1378
491,1808,2424
302,1504,1977
504,894,1089,1673,1830
53,1073,1904
759,1251
694,763,2458
1054,1700,2005
225,350,1204,1508,1679
995,1838
233,871
412,520,2216
2613,2955
962,1048,1086,2992
539,892
155,450
158,2570
1853,2249
287,485,958
1183,2706
422,2228
91,187
7,860,1758,2554
2406,2607
849,963,1752
1386,2620
1027,2440
473,1826
686,696
62,1197
332,740,942,1338,2346
265,1033
207,1862
1613,2650
23,2531,2962
2749,2916
255,2172
146,733,2727
207,838,946,1614,1706
344,529
199,424,1616
1302,2935
1374,1708,2863
651,1665
58,1737
1758,2144
139,746
105,932
915,1532,1651,2843
947,1574
4,266,631,1025
694,1562,1921
156,805,2899
931,1588,2364
151,1092,1352
703,1116,1568,2718
479,1418
1078,1724
117,1150
142,788,2556
91,291,484
443,1088
465,2731
440,2873
408,769,1446
46,670,791,2465
433,1573
477,1255,1949,2909
393,663
1546,2226
406,1027
252,1044,1640,2406
921,2356
99,101
1374,1844,2680
1421,1910,2282
67,894,1526,2362
604,844,1700,1967
108,445,738,2967
529,2404
590,917,1657
1974,2491
458,563
1003,1819
93,1683,2354
742,1960,2378,2995
170,1221,1932,2439
192,1833,2939
465,560,875,1459
589,739,1410
929,2963
148,1685
140,691
90,1071,1767,1778,2311
1186,1961
123,653,2149,2166
54,470,543,639,2666
1831,2231
1037,2510,2623
80,608
1281,1296
167,959,1465,1709
710,1415,2051
409,2279
845,1398
833,1269
647,1290,1977
1489,1891
378,587,1215
2,1504
63,66,79,233,2911
226,427,874,1413
294,791
1714,2767
1366,2831
385,448,482,1767
73,1285,1631
277,317
223,1360
910,912,976,1087
198,746,1564
172,2647
572,2700
536,854,964,1384
43,399,690
473,852,1018
494,501,1157,1901,2102
182,504
580,2251
723,2758
782,2754
592,891
224,837
310,701
276,1258
1518,1738,2260
130,790,815,2062
713,1068,1219,1558
348,2239
479,638,939,2133,2644
44,352
106,152,1889
875,1838
850,2726
48,1902
448,2350
337,374,1578,1651,2110
116,173
541,691
221,394,1519
717,1469
169,2989
72,168
195,654,2087,2594
523,1069,1776
952,2917
23,2763
409,2957
2193,2501
393,1008,1091,1534
997,1093
643,704
399,567,2237
645,2102
6,897,1515,1839,1957
263,344
1885,2981
1079,2971
98,188,487,683,2679
121,484
82,2485
152,1299
388,960,1395
12,389,911
131,1097
30,628,1789,2522
110,2297
115,510,2186,2977
113,776,1048,2000,2808
664,884,1764,1833,2716
146,650,1016,1258
453,465,2103,2227
2690,2941
137,501,724,2321,2952
721,876
1690,2463
136,2549
631,748
85,2143,2175,2900
1687,2879
974,1359
571,591
1181,1359
590,814,1119
453,496,1314,2268
995,1535,1634
79,176,852,1606
483,825
42,2644
27,1448
367,1429
690,1809
21,1059,1785
291,2815
191,2135
24,344
225,2138
245,766,1603
485,1438
156,194,2129
767,1065,1091,1292
60,2196
344,2440
315,1439
840,2434
250,1905
754,1124,2634
992,1790,2040
639,1160,2387
41,854
2294,2374
59,328,1055
242,866,999
1651,2024
972,1434
117,2405
106,1558,1762
318,675,2263
386,497
127,1309
2093,2457
155,1596,2815
257,1057,1195
109,243,835,915,2889
367,429,1144,1312
1492,1583
507,2156
1374,1697,2747
1763,2050,2760
1305,2403
1245,1808
1331,1462,2072
1052,1703,1764
1333,1766
72,848,1446
559,2868
142,1981
289,2685,2929
1408,2511
359,1024,1580,2072
1364,2272
1265,1270,1282,1348,1693
913,1253,2186
706,1453
230,468,916,2657
1301,2101
279,291,2610
942,2724
492,796,2739,2896
224,1810,1983
337,1595,2859
276,1237
183,954,2913,2969
2762,2984
162,721,1667
414,2191,2372,2417
729,1080,1535,1790
371,1502,1728
111,2278,2634,2863
1682,2022
2331,2730
1286,1308,2079,2660
288,312,2444
15,2938
1789,2296
758,2778
177,2630
370,556,1090
327,639
1085,1451
625,1144,1581,2732
219,1943
79,999,1567
360,1188
174,201,2250
566,1450,2055
47,2848
460,1021,2543
837,1839,2610
1190,1844,2707
441,443,1049,2704
833,1037
743,1635
389,787,2263
881,1519,2786
1158,1198
243,2038
27,658,1878
1412,2544
825,1064,1939
822,1319
407,1134
89,308,1048
1168,2527
67,150
522,612,1412
1248,2994
735,2494,2659
41,1066,2795
668,1690
201,993,1731
473,2866
72,172,299
63,101,705
359,1425,2170
308,739
483,847,1456,2897
1223,2637
642,1559,2546
131,2384
201,2172
466,816,835,1041
391,2117
162,1183
564,2939
190,379
658,1380
242,701
1501,1879,1982
10,85,939
120,2147
455,709,2344
445,1014,1445,2152
269,479
105,580,670,1848
163,261,342,869
2795,2977
103,1092,2111
696,2972
21,1243,1547
1272,2186
33,1995,2750
163,1845,2782
1656,1823
180,1120
815,2506
508,1944
897,1369
202,520
107,857,991
53,1187
621,1001
995,1408
42,1404,1812,1936
20,49,692,1440
245,1268
712,1351
677,997,1431
685,1447,1899
1190,2616,2848
1429,1992
561,2089
662,2269
774,1806,2379
1700,2239
143,363,2428,2806
255,642,775,793
304,580,878,1532,2932
154,908
139,402
1574,1670
2123,2577
419,470,1470,2925
1134,1912,2414,2963
1552,1675,1726,2610
172,1378,1636
789,950
889,958,1046
361,720,953,2265
1946,2248
1795,2805
11,331,362
502,717,1962,2897
214,460
1708,2462
282,868
339,1363
866,1431,1541,1849
348,1203,2060
45,464
167,320,1810
173,622
162,1135
25,1428,2421
197,1243,2611
1388,1539
178,314,2725
11,1254,1260,1720
1476,2357,2919
426,1718,2095,2248,2495
367,1184
328,2306,2477,2645
1045,1660,1781
1008,2269
636,1002
1164,1397,2267
27,1614
1679,1712
81,2415
467,768,782,2525
342,2102,2663
394,925
1513,1639
116,449,1220
766,1080,1555
586,2943
1970,2596
371,982,2483
1435,2061,2149
728,1145,1976,2466
677,904,2553
49,775,835,1938
55,99
332,548
1224,2976
65,1032
226,325
1859,2501,2723
801,1369
179,1242
384,1320,1578,1599
1682,2865
218,452
270,1746,2404
243,678,1026,1775
17,2713
482,1187
157,1715,1767,1895
541,2912
58,1353,2810
85,378,1256,1880,2918
620,2521
72,1160,2002,2769,2778
563,656,2165
81,1516,2013,2551,2976
214,438,668,675,2424
646,2461
176,440
873,1841
341,2864
21,353,1716
399,623
11,683
1527,1596,2751
737,745,1079,2410,2789
569,1145,2804,2875
389,438,962
153,2196
16,235,1435,2126
503,928,1039
586,1200,1311
437,845,2862
315,1621
112,833
2336,2479
458,2785
34,382
614,2018
25,1017
50,1645
659,781
118,209,417,784
78,216
192,1276,1498
18,477
656,1990
340,892
2037,2146
2121,2137,2139,2449
1860,1988
348,2521
110,681,2930
62,1227,2346
198,2800
232,2570
164,2542
390,1808
758,944
293,1149,1758
46,860,1888,2409
17,1528
243,395
292,2336
269,282,1418,1612,2513
1330,1472,2206
1705,2188
214,848,2220
114,549
189,1743
20,594
84,368,1009,1818
780,1637
1294,1879,2010,2273
152,533
214,2418
1530,2231
1371,2670
39,1805
174,1170
1175,2743,2897
389,411,1185
30,2729
442,2696
1956,2570
265,1174
1444,1837,2808
953,2265,2934
1203,2649
768,1369
896,2884
75,186,463,1748
284,669,1130,1753,2687
61,392,413
328,1200
1283,2414
1468,2120
200,2844
126,625
751,772
193,540
2035,2159
1536,1679
372,1326,1840
1899,2710
379,634,1402
852,975
869,2107
328,605
771,1764,2291
277,2116
247,498,2017
44,906,1795
35,564
498,1111
661,1918,2567,2703
671,2215,2288
1,565,891
411,1236,1693,1881,2887
343,741,1294
138,383
660,797
2,1665,1853,2419
200,2455
390,2122
452,931,1498,1708,2116
712,2125,2239
54,1194,1653
626,1785,1985
889,2108,2987
660,862,1373
1060,1473,1573,2077
37,324,430,851
342,2539
949,1067,1448
99,1198,2403
90,1120,1825
927,1613,1913
396,885,1671,1799,2396
51,189
1212,2076
1518,2253
335,2620
1505,2866
653,2062
1049,2853
126,1991,2854
371,377,2673
2356,2389,2770,2883
841,1225
414,2043
2076,2080,2274
10,1156,2369
446,1940
16,280,598
709,2054
86,1949,2243
36,531,2166
409,2708
221,2030
1101,1345,2096,2120,2151
571,2823
874,923,1688,1952,2710
645,737
825,909
130,508,1098,1999
177,1923
653,1238,1866,2191,2858
14,101
1036,1506
811,1910
533,2294
231,2693
859,1818,2839
30,355
1112,1486
309,1704
218,1749,2869
172,1636,2863,2961
274,1905,2739
638,2479
53,701,850
329,1406,2132
1900,2005
38,1036
2851,2883
1510,1889
554,1690,2492
216,897,2708
269,1472
73,1992,2452
129,2730
813,2990
480,2682
1765,2819
759,1650
129,349,936,1758,2038
322,441,2311
21,76,339,2575
189,2491
256,952
105,448,1271
39,1525,2140
5,284,493
486,1326,1968
258,913,980,1082,2855
892,2792
1222,1560
98,836,1714
80,2923
29,1602
103,1000,1025,2739
149,1421,2019
140,298
193,2049,2837
361,2243
14,141,173,999
247,2933
624,2858
279,1753,1815,2540
824,1370
705,1234
497,1141
64,285,2139
107,117,552,736,865
320,1423
230,400,2201,2474
123,534,550,1321,2841
75,1136
1135,1382
771,807,908
425,2568
203,989,2347
292,2339
167,2876
474,1271,1515
77,150,158,839
923,1072,1729
61,915
199,856,1139,1969
504,1051
2128,2583
2735,2775
257,845,1396
617,2074,2081,2834
391,1015
1508,1737,2113,2416
368,582,2387,2981
491,895
409,1777
85,137
97,2473,2533
1366,1802
687,905,956,2790
1476,2192
109,1475
427,1874
20,2717
725,2721
396,1308
1994,2351
456,2143
169,276,2111
422,1883
121,1754
2083,2578
1223,1694
220,2344
463,1336,2597
175,361,1122,1873
300,507
430,562
1122,1705
58,168,539,1132
1352,1756,1782,2593
689,1041
54,857,874,1910
26,1344,1416,2335,2729
101,1584,1654
577,924
525,2019
275,1810
1813,1977
114,155,940
1131,1568
1438,2979
536,793
1043,1089
149,1038,1055,1404
420,931,2164
9,807,2099
975,1989
82,879,1023,2127,2732
432,1627
27,208,263,686,1278
41,179,1536
1353,2189,2220,2885
1347,1451
377,1037
246,2352
45,295,1963
501,694
172,217,548
374,601,1577,1625
1590,2603
988,1372,1713
377,699,834,2474
1275,1962,2997
602,968
56,524
396,457,2809
1794,2091
334,510
36,1444
255,383,2709
720,873,1046,1057,2849
130,648,2711
179,1004,2082
89,251,1667
591,2599
728,1652
805,2830
227,2975
335,1293,1552,1739,1861
805,1737,2643
820,1816
283,1867,2849
810,2665,2977
531,1223,1916,2295
609,1374
122,603
233,984,1012,1382
51,2438
1699,2772
87,516
23,310
137,744,853
32,460,1683,2418
1748,2738
254,281,542,1175
31,173
98,107,209,804
277,343
1246,2914
169,207,1197,2349
1091,1166,1439
285,1314
523,1986,2817
199,846,2100
58,571,1245,2376,2391
367,893,1406,2649
640,1627,1674
503,1227
117,234,1141
57,199,296,714
17,2158
624,2353,2510
62,430,2968
1330,2573
47,164
791,792,1922,2963
471,1150,2055
970,2168,2498,2626,2924
1,2622
1223,1721,2627
103,935,2573,2747
15,204,981,1317,2274
325,487,667,1887
234,626,2205
748,2344
797,1658
138,2783
248,378
346,2576
9,721
101,177,945,1982,2911
352,934,1186,2086,2881
474,1759,1989
1823,2331,2403
147,155,336,869
497,600,1076,1310
554,644,755,1406
1777,2240
2381,2458
31,105,1465,2793
523,1471
1035,2213
421,1131
71,251
685,1288,1309,2500
154,1701
5,274
1401,1818,2584
469,868
41,96
146,581
349,657,2403
25,510
474,1078,1308,2442
364,1430
134,1044
28,950,1165,1289
235,381,2043
1293,1832
148,697,1661,2057,2837
259,1049,1174
580,1033
516,1385,2023
919,1233,1863,2174
338,1110
415,472,1371,1387
318,330,382,1838
52,2587,2881
589,1326,1534
259,470
6,302,2631
31,1608
798,1525
118,1186,1910
2216,2816
644,1095
138,171,1591,2060,2767
44,1323,1414,2647,2905
722,1656
19,53,355,1195,1459
764,1657
294,607,2011,2764
265,456
39,76,1247,2417
460,2671
898,2452
278,1052
1305,1717
1071,1834,1996,2194
63,146,1568,1624
1812,2046
604,1141,2295
869,1115
80,2782
240,325,535,1862
579,1089
457,1806
416,464,2518
467,828,1121
1497,1643
158,234,361,602,968
316,842,2140
474,1702
135,142,1198
221,286,832,1117,2193
41,761,2981
20,601,1504
278,2041
292,2155
36,2039
517,1151,1766
1252,1472,1499,1515,2805
783,1154,1392,2935
609,1448,1458,2595
592,2275
183,808
272,1390,1941
197,389
509,2058
522,658
1103,1463,2333
564,748,1452
356,2362,2888
81,446,1591
460,1023,2671,2720
1015,2956
2541,2596
557,2853
802,1347
761,1495,1929
14,583,1125
169,1514
21,453
1347,1808
1157,2515
90,405,2384
762,906,1501,2329
27,174
759,1751
1452,2460
169,327,1007,2659
313,452,752,1928
1944,2371
224,1027
2155,2698
631,2909
715,1470,1784,2186
1690,2972
877,2267
630,1398
486,2366
611,1015,1917
95,305,1011
290,908,2306
354,786,1493
103,265
1562,1611
8,878,1105,2132,2960
15,489
475,2774
120,1403
143,287
601,870,945,2551
176,193,2138
48,213,1294,1746,2776
2177,2458
438,962,1100
492,1473,2477
628,1492,2451
1126,1835
726,997
1069,2593
812,1117,1408
1094,1768
406,2099
360,684,1019
167,356
177,1090,2734
294,2960
213,1384
1,302
174,2599,2917
453,923
414,890
206,360,655,1952
1998,2733
2085,2421
691,788
430,690,1143,1286
2174,2830
64,2808
102,290,2526
12,2560
277,2022
400,735
390,2374,2898
2607,2680
368,1431
429,823
904,1110,1478
721,2159
1356,2491
13,1943,1966,2672
262,680
95,676
6,1453
444,750
270,1658
378,2598
862,1454
446,1299
1588,1887,2634
78,2892
56,1957
59,147,177
129,1188,1242,1885
535,2073
880,2347,2492
1304,2180
92,112,1085
559,667,2075
2363,2378
76,181,238
337,669,1355,1640
34,1129,1445,2122,2358
2182,2888
1549,2267,2689
25,2874
706,2093
99,135,211,748,1096
440,2459,2557
1607,2006
39,377,1436
1689,2001
161,242
12,1146
43,446,740,1216,1932
645,1654
977,2293
713,919
478,512,1242
106,188,684,857
418,2980
85,695,1586
1624,1653
451,466,1618
683,1357
307,1135
104,356,480
972,1370,2219
323,1372,1551,2699
459,517,2067
111,2103
2311,2811
99,580,2217
216,1637,1896
933,1156
2948,2957
176,1619
1053,2270
245,1340
18,102,1654,2182
629,1315
1345,1676
223,999
474,744,2242,2740
711,1415,2057,2135
171,274,509
1094,1985
1389,2318
2299,2488
57,187
228,266,577
152,307,469
764,959
944,1403
1686,2992
474,1279,2725,2849
413,1872
16,1047,1675,1770,2090
805,1147,1829
546,1547,1577,2505
100,165,779,1766,2910
269,811
1117,1485
650,714,819,1506,1719
606,2066
502,1764
285,320,1136,2003
1398,1882
1292,1995
175,1228
2388,2673
645,2906
260,482
1472,1572,1716,1749
11,1172
205,2224
197,2069
759,829,1574,1917,2126
34,375,432,1004
45,332,1229,2961
678,838
741,2010
57,464
327,1062
681,2001,2488
229,2059
997,1171,1176
1103,2773
89,487,911,1246
217,289,435,2566
1217,2988
1422,2156
1339,1419,2428
1195,2146
1115,1523
332,499
145,2486
134,721,2406
625,2009,2876
780,1003
126,253,770
54,425,986,1341
19,915,1732
363,767
282,551
1708,2803,2847
272,1830
909,1368
1492,1947
35,38,561,1056
260,437
326,654,1350
126,279,2767
1800,1892
1568,1721
159,1637
604,842
687,1666
323,1236
192,1567,2557
1153,1980
103,1236,1636,2035
693,2399
261,296,424,2012
500,506,1147
212,1019,1156,2300
1097,1527,2839
493,1423
2343,2603
593,2195
16,1447
802,1875,2194
1001,1362,1738
425,1539
825,2255
23,219
229,715
433,1562,1605
94,509,1078
90,347
357,2315
381,1184,1224
1819,2168
273,324,880,972
608,2922
448,2338
74,1307
1293,1903,2985
2036,2496
134,2707
428,2667
207,2554
174,1572,2935
151,859
452,2464
1693,2478,2919
814,940
1942,3000
246,720
541,1377
102,935
762,1431
592,1099
161,786
902,1285
811,2979
123,2503
303,1754,2602
100,752,820,1577
790,1376,2617
650,831,1043
302,2188
200,400
75,1580,1642
58,666,1013,1835,1889
136,471,572,2886,2957
618,2935
125,157,2950
2334,2388,2547
256,321
2683,2949
192,243,533,1278
86,153
558,1993,2113,2520
292,2408,2599
698,1964
555,2574
2351,2986
501,1475,2527
297,577
381,610,991,1144,2989
1346,1874,2609
366,1209,2660
988,1713
599,2096,2958,2999
146,1645
957,1653,1927
132,208,946
1511,2027,2825
1174,2076
163,237
182,1813
804,2202
149,534,1304,2600
11,814,1931
716,834,2636
73,875
1275,1954
1301,2508
158,1657
449,2951
37,386,1030,1896,2206
196,827,1048,1320
544,863,1386
451,1010,1834
778,1541,1950,1984
115,1865,2485
1052,2762
160,1669
1138,1726,1801,2870
1118,1342,1421,2143,2811
1426,2480
1210,2163
473,682,2964
684,1262,2349
62,569,647
679,721,1392
965,1328,2835
61,743,1193,2898
162,546,591,1310,2618
513,667,2506
213,1650
829,873,1204,1507
819,2149,2720
1270,2111
1085,1737
40,231,425
532,802
175,240
1821,2378,2854
219,1074,1879
144,828,981,1287,2293
1000,1036
438,1335
1087,1592,2585
206,296,1114
228,273,669,1945
49,610
358,2730
290,811
9,520
283,519
482,937
6,1284,1816,2548
1963,2177
830,1182
335,578,858,1886
175,1871
152,1050,1723,2213
332,2426
910,1493,2501
248,1338
707,997
1895,2216,2705
546,1334
311,498
1467,1976,2628
1405,2253
121,872
1771,2492
370,2266
42,1140
9,70,1980
19,1253,2411
2101,2533
1143,1218
604,809
319,2027
266,879
353,2167
716,1119
1201,1984
6,576,1868,2124,2729
151,740
178,992
35,559,1567
41,197,221,227,2087
557,2467
393,795
104,1341
471,527,588
1927,2017,2097,2479,2956
111,349,2084
516,1841
1167,1624
271,981,1284
468,887
788,985,1468
229,837,1140,2855
362,1348,2496
323,1432,1907,2435
131,212
447,1349
227,300
123,2854
26,2280
97,873
1095,1914
69,1132
47,1235,1765
529,1621
337,1713
2437,2931
1352,2600
2364,2690
100,1074
24,2178
311,341,1316,2230,2838
1476,1883
698,1991
327,523
127,541,713,2476
48,390,1818
134,1086,1208,2078
4,503,1300,1400
58,2136
424,1482,2855
500,2528
1720,1761
374,2884
2688,2727
45,1326
530,1300,2697
734,2621
347,1495
1264,1292
340,849
220,2118
613,1323
2108,2986
87,1539
994,1822,2065
439,2182
52,1717
100,692
186,337
152,529
910,1107
136,384,1080,1462
150,765,1322
253,436,1559
120,490,803
79,1297
512,820,1440
145,777,2103
862,1044,1233,2680
239,2762
550,1898
286,966,1129,2180
65,2389
1825,2493
519,1550
940,1055,1691,2661
1037,1049,1108,1595,2868
1500,1585
314,600
319,1782
696,1132
17,130
303,1403
966,2320
178,1069
69,1649
730,1176
455,887,1081
1002,1901
1396,2452
505,801,2106
135,1394
772,2054,2164
1373,1458,2183
193,2285
339,1168
737,1680
148,592
1199,1537,1695,1719,2460
530,2579
434,557,609
21,524
608,823
388,511,1318
416,2561
201,2776
264,283,684,1427,2945
477,1030,1505,1605,2589
496,1728,1792
88,903,2563
698,1214,1250,2457
2318,2466
97,564,744,1551
1091,1343
169,782
421,2197,2514,2966
64,315,410,1409
79,560
289,379,1159,2278,2899
4,167,870,1268,2965
433,1396
52,219
47,67,317,527,1661
234,420,2937
1748,2800
9,32
229,731,2726
116,1870
1073,1344,1381,1703
186,580
57,2071
76,119,349,2038
1423,1619
806,1873,1969
38,2831
395,882
826,2055
641,1287,1518
600,641,876
312,868
102,1883,2904
269,406,1211,2120,2525
970,2214
1074,2111,2996
2340,2967
1040,2442
642,814,1344
1142,1901,2317,2340,2361
730,1361
2550,2658
363,586
202,1164,2497,2888
109,942,1407
983,1226
555,2304
1133,2857
983,2564,2651
20,154,1277
47,1851,2966
40,627,986
315,677,865,2540
884,1395,1476,2397
264,366
166,511,2893
36,2641
747,2163
1892,2392,2561
931,2805
968,2934
1350,1933
712,730
2143,2474
192,2278,2540
965,1221
445,636,1901,2109
807,2252
293,2580
349,1549,2098
993,2242
340,745,2562
40,1531
555,1958
729,1127
1249,1897
30,1416
122,2065
156,403
733,2586
276,900
1206,2008,2228
439,2672
1993,2207
154,1184,2029
429,702,948
1010,2395
1747,2013
381,678
766,1902
382,1222
187,1206
1182,2507
104,2620
826,1595,1922,2023
543,2570
2355,2803
7,797
823,1955,2312
596,1249
449,705
100,798,1219
995,2621
70,174
844,1331
245,766,2417
463,931,2889,2995
1541,2407
386,450
1328,1376
964,2234
67,277,2446
2022,2800
834,2384
391,721
150,781
1238,1588,1957
398,734,1893
132,312
1665,2991
304,470,1252,2484
2129,2545
339,527,1890
735,1669
121,490,611
1170,2821
1723,1801,2403,2504
816,1187
14,928,946
1155,2723
1386,2721
778,2465,2900
1811,2656
418,2852
301,830,1507
1146,2776
927,2563
11,1389
709,902,1125
167,203,619
711,2811
315,2354
30,2848
312,981
316,1108,1384,2841
2632,2873
1005,1156,1463
1281,2605
637,1288,2314
100,182,1592,2915
775,962
108,302,813,1292
12,1867
748,852,2162
382,403,767,1209
79,672,1110
525,669,1439
10,350
436,1633
265,456,1073
642,2859
70,1768,2108
1720,1847
50,1929
437,2020,2184
770,1468
2,564,1609
193,2897
534,2455
9,2221,2887
973,2041,2475
1024,1218,1670,2380
141,159,861
414,462
23,1004
20,1247
1219,1395
233,1720,2420
411,453
165,1085,2057
29,427,822
633,640,1039
437,479
1437,1891
436,1005
1644,2995
614,934
89,267
512,1391
242,2125
241,309,1533,2751
408,832
42,1124
562,1908,2408
466,762,1044,1971
548,1255
769,1337
1058,1234,1649,1907
162,252
1338,2914
375,870
311,2138
308,524,531
85,561
1299,2543,2609
459,1297
1310,1429
295,1658
769,1099,2890
379,2995
1168,1217,1218
10,771,2385
264,2260
157,942,1528
1387,2028
397,466,1161
218,1436
117,1718,2991
235,1178
419,446,490
1802,2534
239,2077
1047,1824
187,774
429,519
690,1071,2363
51,294
2185,2754
20,1481
456,1414,2301
557,587,1108,1305,2757
423,886
584,890,920,1609,2674
1097,1414
1118,1770
187,1335,2914,2982
37,303,1182,1680,2004
248,317
1502,2418,2729
54,1872
217,2685
106,425,687
1721,1724,1911
59,418,2054
296,2335
419,738,2228,2842
2085,2287
1283,2975
1386,1929
766,1365,2796
1254,1266
17,593,1454,1622,2794
785,1171,1565
1043,1191,2169
308,384,1560
76,308,472,1030,1850
1608,2446
390,1553
573,1747,2775
190,1475
709,1256,2003
99,787,1103,1148
650,2147
327,2257
683,2444
525,900,1501
403,2657
112,200,2716
393,659,1827
1416,1871,2551
826,1666
598,624,1722
399,1103
64,189,600,649,2050
351,1003,1925,2564,2635
52,365
252,326
5,31,167,309,2136
218,620,1592
261,770,971,1387
1903,2530
385,636,1778
1638,2875
327,1323,2631
634,685,990,1342,1678
20,267,1308
220,1115,2133,2518
607,1363,1688
23,108,1241,1275,1551
227,829,2984
2002,2166
567,2214
468,2672
1121,1756,2008
749,1828,2386
308,622,2507
2708,2938
1221,2943
181,1895
749,1330
526,724,1276,2978
497,1802
107,1780,2880
95,532,1005,2907
25,891,1422,1495
120,184,608
1198,1738,1765
184,1839
37,475,1449,2869
1563,1642
1782,2615
980,2547
295,1805,2495
861,2681
607,2323
1548,2511
1329,2996
275,2932
651,2571
447,1221,2703
1805,2250
596,1384
393,2491
1933,2310
160,162,930
2217,2546
755,1063
395,542,846,1327,2325
40,44,270,283,360
2020,2301,2886
620,2698
893,983,1565,1678,1970
329,1972
412,923,1759,1966
269,344,1332
1147,2846
6,801,1093
944,2543
122,1562
294,380
621,1586
306,325,1777
78,112,1103,1804
320,1524,1988,2244
465,1996
308,1184
901,2029
852,2156
290,542,1913
402,1093
726,1699
763,2441
2617,2709
283,2560
5,1520
782,1324,1336
227,1495
415,1224,1361,2330,2901
936,1433,2008
123,608
2684,2755
355,2004
11,142
621,2577
60,268,290
333,1038,1894
336,1211,1931,2561
918,1787
459,785
32,199
422,854,1357,2494
93,306,1027
1696,2018
363,603,725,2017
614,671
55,1484
821,2221,2798
50,1058
152,375,2645
106,151,396,1028,1371
523,1424
191,274,2909
116,128,1391
1087,2045,2899
703,1784,2253
37,335,1419
194,323,1308,1855
1132,1837,1904
216,1443
25,2332
118,503,1113,1238
115,1407,2508
265,791
710,918,1278,2463
769,1660,2031,2119
174,2974
269,987,1032
593,620
56,2131
1698,1726,2831
30,343
160,778,782,1654
191,1512
741,1344,1815
1109,1358
1819,1880
424,1049
284,730
149,929,1819
300,2071
541,1088
774,831,896,1096,2894
566,672,1073,1135
2180,2262,2903
964,1942,1946
61,2064
1284,2316
445,1114
407,657,2468
11,1909,2705
316,1672
762,906,2360
488,790,1263,2625
225,292,901
105,562,885,1702
128,232,1223,1426,2930
696,1943
40,73,724
979,1273,2700
547,828
1594,2946
410,2136,2966
350,443,2174
1364,2453
1254,1334,1349,2299
1,349,1399
1001,1077,1287,1289
125,1195,1414,2119
172,1945
98,452,1388,1450
1,318,2492
502,2458
1263,1984,2496
527,1463
547,2684
1233,1761,2094
757,1618
818,1123,1262
996,2451
1069,1471,1548,1855
179,349
59,2673
1928,2156
170,1476,2080,2082
573,1836
990,1948
316,1719,2889
186,760,2509
1072,1302
215,1332,2667
1604,1989
2413,2530
452,1018
1116,1231,1233
1619,1936,2224,2967
377,1916
267,2105
1557,1745
282,1067,1219,2973
458,640,1325
914,2616
215,339,461,844
160,1232,2502,2866
35,1919,2501
183,498,1022
517,673
166,2767
1265,2816
1273,2416
313,1972
2261,2869
1656,2529
132,1747
26,493,1130,1843,2886
240,535,1087,1169
348,907
179,360,2813
1733,2332
965,1620
1217,1856,1968
154,622
209,916,1353,1686,2588
361,434,1633
403,725
88,525,1096
262,509,2445
355,2701
673,2574
184,307,917,984,1791
211,1557
159,518
216,1453
2075,2229,2494,2763
220,1938,2665
77,639,1245
2,344
233,1012
270,898,2068
106,2692
1970,2794
895,906,1248
952,978,1480
38,1330
695,1203,2580
118,986,1714
208,367,1672
602,2050
1135,2785
647,832,1372
995,2072
154,329,472,858
2438,2526,2667
194,802,2098
1548,1641,2648
302,503,1488
353,859,2254
212,2989
695,913,1207
1054,1056
529,2258
227,697,966,1042,1573
424,628,1762
461,733
584,957,1572,2825
2130,2531
777,1033,1670
122,2569,2920
1576,1670,2298,2864
84,542
99,790,1173,1722
918,1329
141,2516
91,159,467,530
301,832,1605
217,379,619,1828
499,2046
131,260
839,1536
142,2027
230,1313,1717,1863,2028
664,852
275,1315
250,2137,2406
1149,1222,1506
560,728,1890,2015
1089,2373
156,763,1898
495,1421
250,836,2662,2817
595,2452
735,2678
253,538
878,2978
619,662,2041
276,380
345,1865,1884,2245,2438
66,120,2911
2779,2821
2051,2063
311,811,2222,2634,2797
332,1261,1949,2069
42,1061,1264,1462,2007
253,975,1074,1743
1600,1890
250,670,2304,2320,2763
32,345,1023,1550
181,260,1884
129,413,1694
425,533,1741
1285,1999,2040,2280
503,708,812,2642
310,940,2953
3,105,2209
1253,1388
265,414,422,1084,2615
138,187,1262,1290
1681,1740,2133
24,603
1503,1727
171,688
37,1168
605,2196
188,1481,2818
388,513
578,1357,1941
469,2925
558,1410
329,2990
30,164
291,1094,2050
538,1426,1808,2021
817,840
48,1050,1112
378,632
912,2435
772,1902,2024,2824,2899
21,505
275,1596,2001,2636
219,307,1874
692,981,1570,1957,2294
1089,1101,2373
1229,1353
680,730,1549,1754,2052
1140,2743,2790
79,1111,2048
668,2020
86,1490,1777,2014,2954
1218,1814,2695,2893,2974
755,2151
72,484
261,1272,1963
74,2199
287,2218
532,1383,2142
178,2355
333,1769
42,138,1198,1224
413,630
720,1705
108,1616,1791
1614,2151
297,342,2608,2814
1677,1852
606,714
1112,2978
209,1186,1346
158,583,1443,1932,2062
1132,2255
751,1113
699,2483
596,942
298,849,1782
1201,1362
1342,1991,2497
359,412,453,1920,2390
925,2896
31,182,1262,2141
376,762
210,520
343,960,2734
326,575,1504
39,924,2283
180,1392
458,2313
78,236
704,2432
546,1787
791,1702,2136,2870
1959,2988
318,795,2510
148,1473
777,2824
699,1803
1710,2165
232,313
158,177
671,1918
208,1356,1974
1289,2101
1443,2870
185,231
568,2613
447,809,2874
350,428
10,296,736,1934
70,1866,2063
2031,2355
256,376,1445
1302,1680
192,617
126,279,802,1442
439,1314
689,1412
322,2863
1249,2281
981,2399
288,1405
467,1823
114,1543
422,1119,1205
1320,1409
1268,2328
24,2622
516,648,2679
360,413
378,801
335,1444
703,2529
610,1392
234,1881
225,1920
188,385,1320
1614,2061
2241,2787
2257,2398,2452,2502
181,987,1677
795,2024
1755,2365
402,794,1828
25,544,1730
748,1503
164,640,1742
632,1914,2468
180,2286
420,2319
71,1615,2225
1019,1329,1781
29,649,1390
1118,1890
550,684
463,880,1283
175,2242
1406,2480
249,1848
367,483
1416,1522
1230,1729,2905
780,1512,2864,2992
221,665,2869
182,1343
216,2232
119,1191,1935,2671
1313,1765,2740
84,2887
552,1107,1486,1800
369,594
74,117,286,1814
775,890
699,1932,2433
1802,1959
820,1464,1779
572,990,1899,2493
425,839,1163,1169
1888,2109
247,980
206,807,864
114,492,693,1104
496,2239
59,267,434
982,2199
932,1664,2590
1248,1764,1919,2447
124,977,1977,2026
104,407,941,2789
36,1331
949,2342
587,660
2375,2707
1179,1634,1937
60,74,537
1322,2732
265,1017
111,923,1223,1822
917,2296
123,515,2294
63,633,992,2115
471,2687
398,2372
244,597
66,1232,1786
1806,2748
68,2083
93,1306,2842
457,1724
873,2498,2699
119,521
349,360,1131
1274,1711,2960
1231,1869
269,1196,2091,2256
2183,2224
129,2641
850,2614
6,2601
159,948
1123,2431
44,239,790
315,1733
19,142,1376,1915
2223,2818
1077,2761
564,888,1256
414,431,1218
1505,1749
100,269
319,421
815,1003
260,1354
4,1078,1252
688,809,1000,2673
339,569,995
196,777
132,1033
842,1356
320,553,680,1983
619,2327
385,2567
1920,2856
277,741,2247
87,124,724,2916
615,839,2765
1063,1807,2678
384,431,2522
453,2947
776,1990
198,1317,1367,2143
82,241
468,675,2934
488,586
903,1583
1020,1106,1873,2657
873,1075,1113,1521
106,1831
176,1038,1822,2031,2397
221,591,618
97,842
1395,2293
121,611,2039
55,100,101
1037,1311
14,1340,1492,2766
1016,1096,2016,2683
28,421,484,2449,2966
201,481,2081
321,1843
500,520,2485
396,1446,1566,2209
305,620
136,1786,1825,2522
51,1759
701,1257,2218
55,99,319,941
907,1651
1054,2157,2486
20,779,1502,1889,2290
124,1072,1610,2874
2314,2910
460,1836
879,2834
67,1710
560,2177
219,2643
911,1292
902,1142,2649,2835
299,407,2121,2565,2630
1557,2079,2432,2689
385,1457
567,2613,2825
812,1277,1902
810,1830
1208,1831
188,2069,2499,2581
532,1509,2320
72,1109
930,2128
1213,1543
424,544,1180,1849
369,625,2245,2608
98,365
969,2652
1716,1936
127,342,1185
849,2264
278,2235,2572
124,1265,2365
176,364,1029,1809
114,623,1500,1894
59,230,1180
5,557,2144,2930
374,551,1484,2781
159,518,1532,1647,2132
808,992,2235
434,1123
571,1607
114,1266,2653
42,133
905,1702,2146,2523
225,901
355,930,1365,2053
263,2308
1141,2323
40,457
356,1079,2078
749,946
1318,1538,1981
211,332,364,940,1523
167,1811,2445
464,1754,2064
191,699
1295,1803
208,945,2080
545,917
21,1729
86,92,1425,2062
201,566
685,943,1121,2575
1513,1850
508,1016,1428,1582,2688
234,993,1216,2592
1309,1428,2409
33,1042
261,770,1254
1084,1177
1986,1995
198,215
251,1058,1911
1196,1312
1140,1390,2890
78,1837,1908
192,1413
190,536,2586
597,788,1482,2809
44,848
463,947
295,1576,2467
605,2145,2796
368,1517,1785,2370,2902
2607,2635
157,525,692,2455
383,1156,2142
1965,2433,2769
87,506,664
1789,2755
1526,2856
30,953,1003,1262,1850
45,246
494,636,1490
796,1423
6,10,550
208,429
372,2582
48,806,1151
677,1715
240,865
486,1378
211,332,766
169,1236
714,933,1080
2660,2948
293,775,1595,1778
2225,2659
15,1646,2000
2759,2970
1388,2566
130,1093
61,1719,2578
474,922,2166
291,1178,2230
389,1461,1785,2745
547,706
727,1971
429,868
376,500,884
350,799,2092
675,2950
107,1303,1345
789,791
11,1700,2585
1102,1417,2982
804,939,1291
105,320,669,926,2529
1499,2945
176,249
640,760,1496
1434,1984
650,2115
1594,1877
2327,2431
445,1491
1150,2700
1555,1814
1867,2083
198,1603,2620,2701
141,1214,1888
125,2903
619,2195,2862
51,778,789
1206,2282
109,187,1412
874,1851,2275
862,1454,1863
805,2445
202,217,797,2713
83,2832
265,380,462,1837
1054,2124,2851
652,2117
256,2156
479,537,956
203,989
200,383
476,976
119,835,1864
511,789,2891
1258,2962
1843,2106
738,1358
81,2510
440,1346,1415
249,1074,1332,1464
2350,2697
1949,2917
297,486,2738
88,903
1307,2653
544,1065,2838
91,431,760,2409
440,675
499,697
360,374,1858,2920
475,2321
921,1337,1916
193,925,2482,2523
1142,1534
107,503,2587
133,794,2086,2545
2154,2677
280,843,901
208,1170,1346
108,662
102,128,682,1157
892,2197
1267,2017
53,74,2851
240,662,1176,2770
390,530,1356,2822
481,490,2999
521,2153
13,53,102,811
796,1750
426,1251
551,676
1020,1571
120,1129,1789,2541
696,1385
890,1876,2429
847,1404,2255
340,1133
90,473
149,204,318,596
75,530,866,1944
347,410,506,560,1867
235,2538
998,2047
622,1515
229,340,2408
14,946,1215,1594
14,1193
53,250,1955
1793,2798
1215,1820
4,1709,2138
396,1397
85,281
585,1804,2903
541,2685
1,819
123,270
26,399,1212,1416,2237
48,1378
716,2087
582,816,859,934,962
658,1643
589,2262
2134,2277
1593,1951,2211
595,800,1654,1803,2694
341,1575
300,1538
141,1010,2021
358,2724
3,9,195
31,274,822,1533
891,2504,2770
415,1137,1485
63,2219,2266
404,1241
851,2339
62,174,2629
865,930
186,328,435,480,1394
722,2019
461,531,1127
764,1267
613,1888
791,1107
1535,1924,2574
631,1234
18,502,2873
558,670,2766
206,1346,1617
66,469
406,1112
500,1141
1056,2084
304,2812
105,2087,2410
284,1037,1157,1507
910,1011,2159
877,1762,1820
423,674,2946
556,804,1183,1375
143,1525
1621,2609
877,1571
138,780,793,2763
2065,2855
2368,2776
850,1025
104,1592,1863
53,375
480,1488,1593
176,357,1255
567,1021
155,557,715
12,328,1090
378,1328,1741
1306,1603,1649
94,897
796,1301
13,860,2573
282,2668
138,422,2535
370,1327
1978,2441
727,1250
90,123,1667
550,928,1313
57,742,1987,2082
324,1023
2426,2780
1924,2606
1466,2536
161,751,2884
631,750,2001,2093
983,1233
1330,2293,2614,2873
385,2079,2161
51,1514
191,419
45,332
600,846,894,1022
844,1019
139,566
372,1012
506,2115
121,703
403,785,1996
358,2761
60,2026
730,1520,2665
330,1124,1600
461,666,2257
450,2037,2401,2575
12,578,787,921
543,2505
111,392
983,1460
1171,2602,2642
212,2376
395,748,1295
860,2556
1093,1477
411,1009
11,452
160,349,1067
119,1242,1952
447,494
91,2066
61,1173
246,441
2433,2580
141,397,2124
753,1993
36,2548
2083,2758
818,847,1481,1531
459,2702
2,2719
298,1098,2786
1298,2425
115,552,1685
1100,1165
195,2434
373,1590
416,740
2270,2404
37,461,1366,2691,2988
64,682
249,1067
1452,1960
481,609,1424
134,727,1044,1860,1971
968,1160,1998
1442,1446
45,102,1665
1846,2468
514,1058,2430
156,325,447,2160
138,1098
1297,1840
10,1335
43,220,254,2746
548,576
665,2124
490,640,1537
997,1369,1571
391,1553,1757,2167
114,1286,1709
252,1162
1138,1797
90,2338
245,371,2072
21,1965
32,531,2212
195,912,1259
38,73,2832
2187,2742
297,2279
1177,1605
1248,2298
29,538
66,163,1082,1906
107,423
2840,2987
80,2040
1469,1691,1873
1917,2372
312,1198
1751,2981
378,1652
259,1010,2246
961,2099
240,2110
340,1257
479,668
209,392,1587,2893
1980,2096,2913
228,2489
571,643,2562
210,512
583,619,1272,2164
993,1216
426,645
156,311,382,498,1829
1014,2466,2787
333,1639,1925,2940
396,2391,2422
224,1095,2787
309,423,2603,2723
650,1063,1096,1956
156,478,1637
22,185,649,1096,1787
82,1013
343,576,801,924,1706
170,234,2052
332,1673
376,663,1445,1642,2503
307,871,1919,2822
326,1859
175,436
402,989
482,603
412,1615
407,1055
170,2139
1288,1955
635,971
388,784
420,1868,2098
383,522,1920
184,2520
440,2743
442,499,1562,2503,2719
1120,1612,2747,2968
502,596
54,2544
201,405,763
223,1856,1973,2292
991,1436,1993,2393,2870
667,1736
53,462,935
937,1281,1460,1774,2676
35,1958
69,290,2562
3,711,1976,2080,2294
45,155,683,2518
576,1062
105,509,1704,1905
1143,2086
76,2194
390,827,2374,2997
59,367,2471
804,1457,2114,2915
680,1525,1709
635,1423
101,400,2132
314,2067
2798,2948
205,2185
485,498,546,985
115,2209
767,1422,1684
679,1633,1736
971,1008,1087
786,2376
223,496
168,2591
222,344,824
938,2394,2766
936,2472,2913
445,1002,1741
715,1064,1144
7,1283,1866
287,1926,2543
1757,2976
130,555,2104,2481
499,2519
806,927,2517
153,1099,1211,2284
252,770,949
1299,1908
1261,1570
713,2140
1200,2799
79,1183
316,388
902,2906
311,2422
351,1639
1336,2444
63,2202,2841
37,1615
612,1852,1868,1986
161,1749
247,311,1950
26,1671,2415
1210,1708
1015,1560
2360,2927
142,790,1647,2951
606,986,2132
232,1244,1684,1848
35,1035
1858,1978
517,1599,2289,2982
1432,2048,2759
1907,2339
1126,2937
23,702,2597
1276,2485
436,857
148,915,1266,1420,2931
320,549
16,1668
690,2092,2608
343,606,2187
600,1375,2333
148,1020
70,460
121,319,872,952,1372
641,694,1005,2973
700,1439
213,386,1630,2122
808,973,2045
523,1587,1886
353,2263
233,627,926
190,1991,2560
1754,2638
1338,2158
79,223,329
1,638,1166
35,2126
37,1197
384,1171
883,2382
146,847,939,1611
503,2202
389,732,2771,2774
1134,1240
126,392
227,319,2582
528,1727
72,276
96,1204
122,249,1142
159,907
476,478,2799
689,1260
1508,2100,2233
372,661,1740
273,2370
342,2497
908,1932
581,638,1242,1885,2233
2887,2902
776,1580,2370
393,2315
643,900,1245,1563
689,742
488,2769
417,2535
1042,2285,2486
655,799,2028
535,2411
312,418,1471,2692
28,1246,2914
161,313,1086,2804
797,2656
127,339,830
376,1237,1977
146,2813
24,174,247,2295
937,2794
10,1591,1948
107,1117
1734,2664
239,1123
28,484
166,2125,2439
355,1896
277,904
400,712,1741
163,259,2395
692,1244,1341
47,1627,2512
2025,2040,2179,2703
1234,1521,1680
1200,1769
194,524,864
57,306,1604,2198
451,1631,2489
278,685
957,1029
1875,2932
103,284,1435
198,1366
209,334
347,2965
698,853,1456,1826
642,959,1648
195,1473,2195,2964
1493,1603
237,854,1876
1438,2966
72,359,1968
993,1645,1962
719,898,1214,1488,1528
415,1564
652,783,1063
125,504
136,1395
1426,1552,2541
315,975
933,1189,1912,2036
281,883,1455,1840
162,732,2004
1750,1857
1623,2608
321,745
40,1653
154,1861,2797
901,1234
559,663,1763
369,2495
543,1365
71,1413,1434
16,165,368,520
553,989,1477
599,1270
189,957,1695,2067,2676
1806,2189,2394,2564
235,476,736,2039,2067
2064,2071,2078
300,689
944,951,2355
305,433,1191
96,1625,2426
955,1153,2872
423,1131,1546
475,1484
179,516,2448,2614,2627
642,1964
612,907,2480
222,432
346,1298,1904,2952
409,2834
171,1231
928,1469
226,607
1282,2368,2565
2520,2827
3,1074,2781
513,905
767,1000
1354,1358,1599,2959
116,170
517,2702
1003,2112,2298
1923,2396
140,1259
235,381,607,1197
190,1396,1753
182,899
890,1761,2234
488,655
184,985,1034
718,1663
4,693,2675
1291,1775
328,1071,2525
143,1219,2752
1411,1783
278,1095
724,1025,1295,2357
734,2642
1111,1910,2415,2980
1048,1272
89,2505,2639
856,2210
2587,2935
215,452
301,2435
18,1114,2027,2343,2397
635,1130
645,1856
415,1476
414,1006
1040,1419
1921,2941
617,695
737,1467,2041,2632
148,885,1730,2801
63,1099,1170
90,157,1457
1598,2907
596,1581,2019
139,938,1607
256,357,662,1334,1606
2144,2281
856,1125
220,886,1525,2999
182,1201
945,2819
82,435,771,931,1847
912,1174,1510
761,829,2225
1449,1721
320,629,1176,1231
92,293,1085,1311
131,1517
267,1391,2741
1370,2662
773,1128,2516,2743
565,954
1280,2453
903,2554
175,974,1331,2422
726,2847
150,775,793,1305,2101
1873,1919
126,278,959,1546,2610
2136,2741
425,1143
17,112,2436
293,653
333,1092
477,1635
18,73
197,1275
36,907,2885
39,2602,2638
1812,2802
2180,2779
867,2313,2646
238,508
178,709,864,2020,2139
1479,2227
246,301,2954
681,1119,2334
201,1321,1731
766,976
838,1137
402,2122
1578,2858
305,588
301,819
166,1105,2252
663,846
83,966,2795
1112,1981
113,2456
791,1375
160,2576
104,999,1079,2414
538,1426,1640
769,805,2009,2136
568,2190
441,454,2859
396,1161,1340,1748
8,177
1341,1694
642,1561
232,2211
2138,2393
1910,2881
137,205,347,1936
2253,2529
362,1735
262,437
413,1120
1237,2680
1012,1465,2052
560,577,2600,2814
241,1369,2975
245,1056,2021
25,2315,2967
118,589,2202,2532
938,1607,2698
383,1199,1260,1883,1898
230,887,1696
7,454,1149,2591
18,125
746,1755,1869
172,491,1774,2524
563,617,953,1596,2611
632,1434,2146
160,383
173,2504
546,591
434,779,834,1843
853,955,2579
94,1315
2140,2154
322,2453
390,2829
224,1832,2084
230,486,887,1696
2207,2369
234,1494
720,2994
264,286,598
307,1125,2253
538,1161
407,526,701,2898
1696,2154
101,1004
18,659
1018,1639,1967
98,166,2818
719,2666
679,1000,2956
657,1753,2475
1822,1849
1762,2850
392,895,1895
502,1929,2048
1021,2150
153,395,1196
104,440,504,888,2666
473,675
1243,2010
712,2035
38,249,688,736
480,1912
385,646
37,1652
660,728
1725,1733,2472
544,548,2782,2993
921,1899,1993
854,2704
989,2556
253,2645
1209,1367,2920
5,204
535,678,1202,2932
99,2413
205,707,755,2046
106,1540
80,371,545,2890
1227,2955
1401,1576,2871
235,414,734,1724
918,2131
27,755,2941
266,544,649,772,1297
562,953,1894
359,505,700,1062
1545,2763
277,1050,2415
1076,2636
285,462
112,293,1367,1844
1016,1043,1698,2989
1280,1371,2915
757,815
849,1318
433,1793
960,980,1468,1906
210,500,519,562
61,1657
359,505
509,1780,2720
224,693,932,1500,2826
427,455,2759
1181,1560
213,2859
366,941
1257,2860
51,70,643
700,3000
709,924
616,1686
203,2153
611,1177
112,1071
125,157,1068,1169
528,1101
379,391,637,2278,2961
1683,2846
11,81,2712
914,1342,2288
126,979
2135,2884
997,1978
758,1393
92,1367
472,570,2635
354,1314,2548,2971
177,2872
419,1659
111,1378
593,1999,2457
268,894
106,1794,1872,2412
3,165,273,2344
1402,2425
681,1332
166,508,1717
534,1475,1542,2113,2962
1527,2098
357,544,1261,1360
2657,2846,2987
305,1119,1730
1727,2200
32,1440
162,543,814,1182,1242
297,1352
646,828,917,1674,1872
183,2229
1098,2598,2727
26,1408
845,1270
1132,2151
231,537,634,1095
215,351
455,1430
380,1006,1233,1961,2499
2236,2505
240,970,1387
246,301,331
80,205,370
680,1091
741,1083,2391
665,2082
170,633,681
18,219,1710,1994,2773
150,2928
115,2005
101,599
117,2406,2507
493,1178
115,318,2057,2059,2592
819,2262,2705
34,59,348,1987
301,803
794,1382,2704
1244,1472
1159,1381
1116,2249,2408
1251,2781
660,1146,2512
402,1277,2929
110,1576
753,1026,1099,2053
1510,2089
47,164,1294,2313
588,1251,1743
66,258,813,1034,1048
61,1406
1959,2071
883,1043,1853,2889
499,727,876,1529
150,575,642,1964
906,994,1495
1539,1762
1701,2838,2878
1098,2051
524,566,602,1123,1492
1833,2393
389,1424
1395,1610,1693
1123,1354
63,2921
422,689
2077,2801
646,1102
672,1214
754,884
204,2201,2310
1189,1379
920,2134,2875
1119,2954
344,2044
105,408,1146,2428,2793
222,866
69,146,637,1928,2845
820,996,2894
452,607
897,926
1141,2117
305,1333,1739
344,923,1443
514,937,1503,2290
400,2814
656,2237
92,927
528,1959,2929
74,2537
203,718,899
59,620
37,39,1010,1638
1102,1631,1676,2740
1007,1604,1682
72,2329
975,1661
438,1583
115,143,525,552
298,1324,1748
76,124,1083,2045
749,1847
258,1512
1227,2881
310,1229,2828
598,969,1355
465,1489
36,475,1928,2674
1994,2150
525,1584
514,1057
284,366,1659,2192
51,1671
25,51
198,521,982,1463
53,402,545,2610,2797
1068,1090,1496
274,2508
22,565,569,829,2950
64,1092,1869,1933
186,553,2735
156,624,1668
1539,2105
50,1882
451,2572
447,1322
118,629,693,979
531,860,2797,2976
314,2289
914,1752,1970
370,749,2026
628,2819,2847
197,1263,2606,2977
561,1521,2214
1868,2850
491,517,809
198,1786
447,1716,2361
1455,2285
944,2514
2436,2658
11,43,1909
668,1487
87,137,502
147,1013
165,206
19,55,760,2677
41,2605
749,2512
312,1747
375,1984,2436,2650
240,478
773,1931
966,1231,2359
369,2773
620,2613
230,1233,1681
21,963,1738
970,1647,1920
348,371,568,1474
205,1318
212,327,1050
84,2061
1807,2373
545,985,1380,2894,2985
751,1820
674,841
2015,2619
291,1544
2008,2146
1542,1660
354,863,1343,1677,1701
301,565
729,1728
27,680
322,630,1729
158,2764
218,345,546,2213,2263
241,1038,2589
581,1380,2184
207,323
2074,2942
1352,1656
961,1402
39,336,2538
483,1026,2246
283,669,2058
19,928,2413
499,805,1718,2557
60,1341,2179,2599,2676
268,568,2450
266,342,2090
1155,1432,1953,2073
2134,2536
110,297,1703,2440
379,1199,1985,2675
1519,2593,2637
242,588,921
38,2717
1417,1609,2246,2337,2744
1038,2801
34,46,792,2450
744,1172,2007
468,624,778,1514,2702
1530,1957,2827
1728,1916
48,735,789
161,177,357
641,899,1464
81,1524
1254,1915
284,1742
397,935
1338,2091
760,2867
1359,2712
1021,1192,1426,1900
579,1680,1995
591,659,1271,2842
381,1737,1954
382,1148,1927
1337,1623
1647,2217
1205,1587
466,2778
208,375
874,2994
1757,2454
268,2929
460,670,1013,2127
46,2229,2999
333,1104
1328,1787
904,2546
58,676
75,2257,2285
1279,2998
27,520
9,32,2469
394,1061
168,262,690
617,765,855,880,2716
662,2742
1775,2246
952,1676
49,347,556
1064,2288
5,726
752,1703
1404,2612
1377,2170
1006,1127
1574,2482,2584
180,507,624
478,2068,2336
629,704
41,45,1042,1340
620,1072,2001,2224
520,2033
310,480,526
240,1608,2711
799,2462
139,351
508,1641
1163,2382
56,988
542,636,1642
216,2377,2528
567,2523
1731,1873
145,925,1830
281,621
1275,2525
158,1200,1203
1160,1354,2402,2791,2934
217,1447,1730,2049
143,204,1337,2965
1038,1917
657,1133,2615
148,803,1189
92,586,605,943,1126
1449,1886,2029
519,1225
88,133,203,652
660,815,2208
624,1124,1697
220,371,519,776,2272
734,2853
410,1822
33,61
2173,2429
154,1116,1225
2004,2088
84,1461
1597,1879
296,2238,2498
2033,2240
553,1171,1318
66,288,1329
916,1878
316,905,1547,2061
1027,2211
1,18
430,881,1618
1731,2999
111,771
555,779,885,1617,2512
790,2353,2765
251,880
379,1048,2990
1192,1197
1028,1340
66,585,1684
77,2130,2656
202,841
387,2779
89,436,1153,1196
125,2119
2754,2942
372,661
2038,2595,2852
2031,2230,2332
68,242
1655,2129
44,549,2531
673,2340,2368,2791
598,742
215,2641
2033,2324
17,381
1082,2607
1660,2149
380,2177
303,1053,1355
1293,2037
39,2019
423,937,957,2982
1792,2854
236,442
1219,1848
379,439
611,2891
147,362
2494,2664,2959
250,811
239,848,2407,2964
30,1982
534,829
34,523,974,2862
489,837,1314
95,664
319,2097
1809,2870
405,1302
473,2012
472,2974
649,2669
747,1141
364,2039,2142,2852
990,1555
661,714,742,2431,2601
1258,2576
921,1081
425,503
2398,2465
211,254
166,2602
1856,2160,2826
133,467,989,1845,2015
479,2513
74,103
498,1950
226,529
58,283,1870
819,2407
582,886,1039
340,2274
183,833
368,1689,2160
746,1399,2126,2901
107,226
496,1803
13,268,806
101,928,1504
2550,2937
165,236
747,2237
882,1245,2042
107,417,1194,1546
1421,1477
198,1024,1028,1408
89,1721
43,1299,2287
583,2563
1368,1626
133,1126
562,1503
366,2904
535,756
64,462,1154,1374
107,244,615
2075,2139,2916
1538,2954
867,1162,1844,2364
8,1469
613,2552
279,476
744,2636
50,1004,1465
289,1319
211,840
223,647,750
99,2812
100,1859,2255
365,1417,1732,1825,2664
185,708,2818
2791,2826
134,1988,2279
168,2801
530,828,2300
34,1007,1373,1893
2837,2979
1312,2151,2308,2364
80,228
795,1273
93,298,938
347,373,1055,1249
590,2595
51,663,1627,2035
239,737,2850
198,2879
264,1262,2927
119,179,1643,1862
97,1514
655,799,1675
261,1432,1771,2736
94,787
545,2420,2996
86,980,2349,2706
475,1432
277,1501,2754
231,252,2337
717,2509
279,430,861
186,2772
178,282,296,1597,1705
341,1752,1882
459,1278,2550
65,403,464,757
1171,1564,1731
747,2998
256,301,699,724,1972
1773,1940,2470
71,875,1268
353,2745
448,532,1155,2289
493,1407
75,1552,2222
174,395,930
1301,1664,2092
152,880,1115
185,1431
347,1856
346,364
40,1540
1337,2552
1178,2753
375,803
534,844
313,1035,1421,2476
571,1239
87,2257
696,2923
254,321
808,1875
308,613,920,2360,2655
67,656,1111
505,2924
381,826,1660
484,1438
1158,1444
1774,2050
2026,2742
493,2735
1593,2857
1228,2174,2715
1820,2628
279,2104
428,653
145,187,238,567
406,939
218,666
42,985
253,601,1524
1494,1579
1984,2880
65,387,2586
51,1361,1905
1630,1889
188,332,899
131,181
166,558,1346
1159,1644
2306,2580,2769
168,203
44,52,226,1350,1865
334,463,559
224,272,1113
64,219,250,682,900
200,264
365,998
142,717,1400,1726,2260
1000,1479
1086,1099,2088
207,976,2448
563,2123
650,1648
932,1883,2193
111,1416
805,2896
410,439,611,2068
307,2667
143,680,1040
226,1350
773,2728
193,2564
604,993,1467,2303
931,1117
729,1019,2038
570,2464
257,778,927,2376
213,222
757,815,1328,2992
300,505,966,1259
110,269
65,532
548,1297,1833
109,1629
576,636,856
962,2085,2421
484,730,884
601,1612
71,614,1389
153,1569,2433,2737
809,2326,2625
1699,2330
73,201,451,1772
79,1716
991,1368
2106,2850
285,439
261,1625
95,1311,2539,2772
667,869
1455,1854,2077
394,2668
477,542,863,1986
122,403
1505,1800,2025,2775
9,28,2394
95,251,2351,2741
315,359
96,227,399
214,1946
462,609,778,1472,2014
254,2024,2036
22,600
429,1572,2000
489,676,1439
304,1118,1610,2590,2643
666,2571
75,886
810,837
71,1582,1725
120,1715
155,411,2652
521,1611
477,502,1518,2478
2187,2366
714,1121
225,435,478
49,881,914,1755
218,622,1145,2933
351,1967
263,475,1468,2152
215,706,896,1494
320,545
719,2991
195,592
475,605
789,1309
750,2367
157,2029
1461,2590
1031,1671,2302,2515
955,2648
1236,2394
498,1279
586,1311
145,1595,1786
840,1205
342,354
813,829,1823
253,651,1005
129,835
193,689,1081,2459
1635,1990
764,2395
67,271
299,551
314,2232,2683,2783
136,1363
1177,2131
192,550,1139
284,291
610,800,1144
591,2131,2649
228,645
195,839,2400
6,113,296
1876,2757
583,1485
305,1812,2835
821,2507
78,330,1600,2905
83,1700
303,313,529
293,1522,2737
849,911
254,974
321,1813
1112,2545
22,2284,2953
165,445,659
87,958,2328
207,261,280,705,1432
314,1795
190,369
222,1128,1743
2141,2214
1346,2287
1019,2547
326,898
1016,1431
867,1309
442,710,2618
224,1745,2446
1727,2791
802,1846,2885
95,1067,2327
536,1958
1118,1553,1925
362,1357
49,644
366,530,534,1883
531,2140,2564
613,769
599,1070,2745
831,2104,2663
611,1405,1796
271,572,691
110,2262,2659,2902
16,985,1497,2670
1556,2371
176,1235,1631,1945,1986
110,1422
92,560,858
508,1830,2409
103,556,2284
98,462,671,1115,1188
54,508,1560
426,803
164,1339,1376,2581
477,1072
1212,2699
837,1623
133,1466
77,150
1087,2537
602,1269
315,1498
238,432,1470
357,444,1149,2813
151,2036
2002,2162
244,1480
338,1556
45,155,211,627,2118
300,745
1186,1997,2678,2679
193,848
863,2573
618,1310,1312,2312
104,1066
1401,2921
1581,1810,2383
15,1538,2002
1126,1488
1077,2266
113,2316
204,1474,2604
558,1717
2274,2427
38,599,1256
1047,2056
46,2658
34,46
337,1783
2277,2581
377,1792,1916,2239
149,272
98,1150
856,1629,2305
178,2281
92,1602
1244,2668
231,587
383,534,2375
522,606,1336,2460
148,639,2352
1057,2516
581,708
69,345,2240
135,1193
1833,2176
108,401,969
47,1070,1075,1710
346,648,1044
1448,2522
685,767,2329
49,408,710
133,575,803,2324
221,246
36,398
480,1630
31,1271
338,521,1207
57,732
600,606,1277,1368
941,1292
172,947
1130,1240,1590
918,1954
52,223,792
202,210,709,1777
957,2982
1425,1483,1739
339,1927
178,1470,1744
338,2922
2175,2650
24,784
2011,2473
1474,2627
95,251,374,527,532
35,192,1379
1530,1779
301,821
275,820,1894,2098
919,1137,2187
243,2861
1100,1763
231,417,1107,2578
59,371,620,1474
50,493,578,625,2232
122,460,502
264,828,1601,2567
461,1156,1444,2575,2869
753,2511
186,2234
2379,2648,2829
2114,2124
156,763
553,959,1753,2790
188,529
105,330,750,1685
870,926,1279
441,1401,2901
961,1544
859,2310
202,890
985,1175,1659
117,1626,2756,2765
170,1347,2060
495,2104
84,315,2198
553,637,1452
70,648
115,596
330,1724
765,1285
318,717,2207
942,964
179,2058
26,605,1034
42,184,715,1382
446,560,711,1091
41,2802
31,480,2054,2748
540,592,979,1486,2028
589,1205
310,340,1053
588,705,1814
252,1529,2607
570,1236,2363
373,405,408
1456,2821
56,2768
8,1799
264,612
179,260,558,2144,2730
263,2917
668,1067
20,2779
387,1880,2559
377,1001
382,543,1829
580,2416
256,737
574,888,1521
537,2286
1896,1959
1864,1897
264,2973
46,456,904,1893
103,1073,1094,1396
2193,2584
361,1051,1482
2033,2486
328,943
102,702
717,1313
312,869
63,76,366
232,820
96,1210,1282,2247,2759
966,1561
10,190
464,2081,2711
334,887,1393
171,1745,2911
911,2596
486,2733
20,2789
171,2245
961,1666
6,2551
872,918,1796
28,2027,2948
370,2632
221,355,1222
314,483,681,1768
1187,2171
1485,2362
63,1300
284,2428
1715,2059
411,438,2387,2947
23,1634
113,350,1114,2349
2335,2868
1212,1491
712,1771,1953
1248,2431
173,730,2024
420,2673
165,1813,1847
376,809,2243
754,2349
1189,1191,1368,1923,2820
416,723,2746
2817,2835
1065,2454,2594
1193,2411
25,882,1061
100,692,1032
1663,2319,2724
109,530,732,1663
774,1449,2612,2734,2967
127,158
382,2348
517,1029
2251,2322
119,2623
1937,2000,2841
300,925,1042
793,1734,2243
418,655,799,2803
1305,1615
1334,1518
1440,1603,2478
29,764,1222
1007,1366,1633,2934
527,1153
26,281,1255,1943
1922,2018
89,436,1045,1317
273,1295
289,1277,2374
2005,2377
222,1482
7,951,1930
86,1425
853,917
306,422,1154,1220,1454
363,767,2216,2230
2207,2556
62,187,1126
1204,1492
705,1744
959,1433
440,2952
1778,1895,1939
2009,2122
581,2048,2326
2030,2488
64,439
465,1207
75,1029
1154,1611,2158,2518
499,2802
951,1455
89,597,2750,2757
785,2701
183,735,908
313,329
1235,1869,1949
297,1241
256,724
533,924
824,938
616,2298
196,1319,1644
176,1664
48,435,1922
192,321
237,916
426,573,604,929
350,742,2390
785,2125
120,773,1796
22,796,806
930,1463,2688
137,1017,2461,2582
1442,2847
490,1077,1178,2507
1279,2105
872,1820,2965
24,245,369,1797
110,386,1210,1757
242,1127,2125
573,879
512,1722
241,1581
533,1243,2820
992,1758
250,609,2130
705,1793,2348
116,128,718,2655
410,846,2192
76,584,1018
215,1436
554,2553
725,1932
421,1482
842,1826
1746,2676
272,498
303,2828
893,1787,2937
1765,2159
765,892,2185,2912
732,2066
260,448
41,1935,2407
102,346,735
786,1739
139,300,769,2521
988,1246,2807
671,1493,1623,2448,2959
1672,2546
399,909,954,1210,1793
2470,2744
507,567
44,334,1820,2086,2411
251,357,687,1728
522,689,2418,2567
701,1264,2853
394,817
770,1058,2537
234,310,1471
565,1333
254,746
290,2398
690,2074,2198
86,91,525
222,398
1325,2190
448,1179
38,96
64,1055,1718
1091,2114
273,768,1276,2554
82,2957
984,2684
15,1411,2653,2815
74,2376
536,1088
483,561,913,1880
1692,2474
407,2956
290,1283,2712
10,1267,2701
218,969
1383,1441
1797,1975
18,351
699,1897
1373,1916,2622
1672,2074
322,2122
286,421,845,1135
1722,2833
860,1667,2438
415,1775,2004
257,1330,2075,2771
757,2731
178,1429
69,75,1877,2333
254,362
19,132,400
932,1991
128,2095
336,2848
514,715,1263,2555
1317,2695
70,711
719,821,1001,1427
306,313,2271
140,2038,2815,2955
622,2839
93,1994
444,695,1480
130,904,2346
405,817,1407
117,271,1106,2804
113,467
515,617
137,447,846
1057,1382,2106
44,118,1558
468,887,919,1192
358,943,1037,2307,2820
29,468,1339,2816
1289,1629
1220,1774
456,1471
575,652,1353,1466,2683
727,1031,1514
266,697,1241
445,855
302,673
1486,1646,1801
221,571
590,1632,2878
10,656
188,784
221,1433
63,178,1694,2286,2343
104,407
1646,2912
130,1220
122,634
905,1029,1494
134,416,544,878,1027
889,1572
82,343,770,1397,1620
563,1805,2126,2258,2401
785,838
579,631
87,366,2517
734,1186,1711
401,551,1162,2464
218,2272
338,707
297,2939
1589,2178
866,1263,2303
504,2044
236,988,1803
107,851
1379,2069
583,1425,1636,2089
136,431,2940
1285,1655
377,426,830,1060
84,315,2370,2609
1,2404
244,1235
38,444,818,853,913
1129,1412
335,574,900
280,607,1232
362,1523
93,1019
1051,1362,2570
1042,1076
44,185,1587
865,1889
38,693,2077
2060,2707
984,2756
982,1636,1835,2248
1000,1148
743,2054
912,2618,2926
488,688
151,1723
71,649
125,482,843
453,582
2,31,249,2367
993,1494
664,1309,2635
948,1029,1405,1880,2390
253,1217
884,1997
127,488,1598,2271
14,1584
1095,1867,2868
37,876,978
183,2066
172,1266,2588
2262,2773
63,2343
1608,1685,2104
579,2802
108,765,2212
595,1896
488,700
4,12
207,478
78,725
761,1229
454,1736,2992
69,180,2691
353,1517,1995,2761
142,538,1930
1488,1938
762,2006,3000
363,1222,1950
963,2807
60,462
1708,2434
453,700,2354,2942
334,538,861,1106
14,55,1767
149,1205,2348
61,142,877,1163
95,413
702,1324
3,542,1180,2102
9,841
125,2240,2947
161,686,800,2491
2444,2746
273,537
753,829,1564
698,728
95,182
300,545,716
1593,2219
51,1424,1548,2962
1591,2908
7,1215
465,1348
1167,1250,1761
1008,2851
907,945,1942,2213
117,859,1370
789,2964
233,277
1063,1695,2242,2256,2429
1427,2221
915,2260
1816,1904
202,787,2997
227,1606
627,1424
1661,1768,2942
262,756,2926
2312,2728
635,2650
31,537,881,2493,2710
831,2591
968,1946
145,1024,2340
314,957,1029,1151
381,655,1128
280,354,1150
188,1194,2258
40,934,1714,2532
1687,2584
573,694,1782,2581,2744
747,748,1302,1589,1813
865,976
183,688
373,1980
666,1059,1673
270,2023
164,1481
169,409,2489
145,1274
2329,2442
2169,2226
431,1564,1811
134,491,758,2527
118,356
2443,2623
181,205,875,1655,2750
262,693
644,955,1487
560,1301
258,1453,2473,2990
133,2563
552,1397,1420,1799
601,1153
2206,2597
33,142
884,1328
2184,2845
263,1179
173,1609
591,2120
2385,2426
264,933,1041
1815,2619
259,1405,1791
448,2170
39,430,1053,1972
44,2752
604,819,954
1575,1927
811,922,1604
1077,1854
855,2794
414,1687
52,667,810,1398,1898
1213,2324
43,783
2656,2704
937,1763,2652
121,597
4,1499,2002,2998
1178,2941
1483,1989
843,1756,1824
486,2140
4,1967
1570,1662
404,447
78,2816,2936
160,1312,2264
244,364
20,1291,2638,2684
176,1631,2311,2579
153,801,1569
2381,2722
227,896,1582
987,1183
745,941
844,887
819,1864,2111,2587
582,1461
598,1898
1465,2938
1815,2116
238,588
230,540,1486
1,418
95,1552
370,824,2086,2781
1489,2559,2633
950,1022,1519,2277
34,55
1100,1460
733,1372,1528,2640
271,2034,2109,2466,2792
1687,2454
485,2256,2666
1226,2912
319,387,454,1063
1204,1574
404,567
340,2212,2919
298,2362
1201,2011
220,433
154,351
227,1383,1772
210,1530,2086
597,892
988,1009,2027,2484
214,305,1923,2069
764,773,1542,2149
81,627,2204
4,1066,2428
13,680
8,1036,1907
336,380,915,1407
68,472
753,900
167,469
2535,2925
32,1812
1622,2137,2231
100,382,1143,2037
144,406,1264
275,2072
164,2857
110,1985
2526,2708
965,1510
965,2427
195,427,494,815,1836
413,2437
807,2290
64,74,169,682,1270
1935,2033
1092,1396
528,1848
212,247,679,804,1441
4,228
533,1322
90,131,675
613,2347
283,1677,2529
26,656
235,2594,2944
1275,1919
879,890,2998
132,299,501
134,762
995,1149,1979,2874
66,374,1140
111,658,2089
121,364,944,2345,2490
83,309,1088
925,1555
403,727,1036
54,1656,1958,2429
319,1373,2266
531,622,2776
147,814
972,1324
400,1039,2060,2734
708,1144
640,2032
464,627,2118,2393
50,708
629,1273
617,1397
581,1120,1399,2619
149,418,1104
136,386,1015,1203
1116,1216
11,43
94,2922
556,2706,2953
846,1987,2867
199,343,2621
299,387,1684,2973
33,159,1033
67,679,713,1499
569,595,831,1047,1652
1244,2670
701,772,973,1513,1859
501,1716,2011
2604,2668
647,2145,2895
47,1697,2737
1387,2612
657,2758
129,708
171,241,1040,2510
661,1521
359,1390
817,1269,1979
707,1054
73,750,1295,1655,2241
124,1360
723,1362,1535
267,949
1496,2372
781,809
2252,2430
2014,2531,2971
83,483,2042
356,428,1134,1835
295,1650
901,2159
465,2179,2269
434,1160,2910
1365,2090
32,383,2148
506,757,1531
380,1117
141,548,909,2182,2226
772,1167,1991
104,653,929
352,455,851
1684,2105
437,687,2886
1175,1226
1466,1807
898,1121
1972,2093
450,639,2197,2445
643,808,1287,2295
140,310,1079,1257
912,922,1614,2412
489,958
1067,1323,1523,1775,2457
83,966
103,1604
913,939,2832
1323,1618,1834,2362
262,507,2877
678,1696,2691
464,1050
793,1214
585,891,1669,1936,2985
489,2745
634,2648
463,2272
910,1771
33,393,562,1529,1569
1893,2309
722,1438,2177
487,494,818,1493
958,1295,1458,1513
65,148,259,1420,2050
197,954
1728,2613
1045,2312
143,432,1958,2467
5,507,1130,1695,2181
111,2786
244,287,784
123,165
42,510,514
587,775,1017
1702,2058,2475
609,1083
494,559,1102
541,857,2714
187,547,2114,2456
153,2307
231,1209
201,2737
394,2043
197,909,1251,1742
214,841
1619,2855
30,164,2871
391,615,1419
213,951
2317,2835
263,335,554,1230,1797
173,2968
1639,1698,2191,2620,2744
194,346,1427,2809
3,514,1934
1081,1529
217,834,2062
1516,2913
1287,2660
96,286
71,781,1329
747,1098,2337,2341,2952
556,795,1136,2706
147,152
195,739,1284
189,2324
150,441,960
623,1772
469,715
60,810
1776,2371
2188,2953
212,1170
1110,2688
137,297
1207,1456
376,875,1976,2787
304,1875
155,673
376,1252
83,1874,2006
232,381,636,1032
272,1978
243,379,2632
1182,1649
421,2484
389,816
1094,1599
80,2731
1624,2075
95,257,792
26,1243
281,2199
1971,2949
568,834,2749
76,2157
30,1069
306,1286,2718
360,1009,1725
81,308
947,2683
1529,1590
864,1713
137,1400
1045,2695
1973,2301,2724
1017,2201
325,2871
1275,1962
407,1042,1921
1315,1681,1999,2292
265,643,2747
434,654
584,1331
409,889,1013
1234,1585
406,1973
185,325
1134,2688
533,1422
49,914
1766,2395
1598,1855
1172,1203,2477
1760,1967
12,2151
1360,2162
1222,2190
1351,1448,2305,2598
218,261,910,2155
728,1461
19,2107
769,1446
1602,1764,1996
132,1846,2297
1467,1490
1079,1193
124,501,2557
1524,2385
395,876,1393,1598
723,2100
439,1069,2320,2718
304,2833
309,1420,1750
1038,2298
128,641
111,421
509,568
64,122
94,216,2810
176,458,1627,1887,2273
1241,1963
22,428,1094
228,2447
209,427,2289
151,665,1335,2933
636,1862
52,480,1013,1159
337,1877
171,861,1011,2070
293,1190
768,1450,2265
753,2588,2818
124,2011
211,2571
322,1380
147,331,1773,2444
1373,1519,1855,2229,2817
13,1393,1554,2506
256,881,1762,1843
461,1573
211,287,902,1891
298,1593,2332,2410
119,638
12,1380
1060,1952
129,827,1290
25,107,1541
193,1381,1926
694,1362
149,274,283,1078
129,606,799,891,2627
1255,2304
3,768,2129
1152,2354
1200,1410
1596,2806
259,737,2459
685,2301
707,712,1395
71,124
271,1152
78,330,725
472,1363,1464,1628
77,643
120,2065
2244,2423
657,929,941,1563
225,1620,2110
267,541,1634,1674
36,155,655
638,2504
553,2007,2760
1006,1687
448,2042
43,845
87,1532,1670
120,987
509,1480
2559,2725
2175,2694
1605,1626,2991
73,2012
611,686,2153
416,687,1540,2623
229,1730
404,2883,2924
705,1755
715,1173,2810
690,755,2580,2624
404,1606
72,1750
1697,1921
307,1225,2425
431,1355,1366,2088,2538
364,421,1001,2161
70,1575,2528
131,1522,1797,1962
759,893
221,1052
1441,1953
1563,2307
7,298,325,862
387,954
297,2222
613,762
1909,1940,2189,2665
756,865
18,1035
512,1196,1721,2907
100,1005,1779
1438,2490
313,570,1026
96,1066,1793
1926,2039
886,2324
596,2826
1052,1166,2026,2762
184,419,2667
384,1608
1,1882
233,934,1926
261,1169,2612
276,1092,2568,2844
94,229,403,596,1109
1365,1669,1682
163,288
1285,2582
447,1589,2782
626,1248,1320
188,270,1143,2113,2827
1377,1788
183,328,2375
226,589,1046,1746
578,2832
576,1517
51,750
164,1906,2936
49,278,634,2700
337,553,1007
140,701,1804,2702
22,1020,1858,2964
87,144,313,1459
34,1965
2059,2135,2420,2611,2925
267,676
138,350
1650,2112
356,2218
104,1481
341,1947
82,1111,1428,1998
110,1711
485,1482,1746
337,2251,2655
46,2111
121,214,1226,1540
555,1545,2704
321,324,863,2545
118,1194
1106,2325
215,405
225,731,1355,1553,1796
247,1022,1265,2348
177,580,1722
1675,2437
38,1819
161,1339
205,1147,1683,2236
222,338
257,2765
325,804,1226
392,2723,2760
584,1769,2167,2983
522,1939
163,1944
334,404,1405,2465
1241,1445
56,2449
18,124
1307,1472,1933
550,606,2070
4,535
335,558,1061,1509,2755
784,1046
911,1939
1014,2423
532,1280
1303,1840,1974
670,1483
434,1261,2959
454,477
1082,1385
140,911,1912
3,226
2634,2961
328,908,1172,1522,2196
185,190,2316
1018,1974,2113,2369,2461
13,77,147,219,1073
424,736
574,661
273,1447,2360
492,1447
956,1193
594,949
556,1281,2289
29,524,1482
96,214
428,657,745
199,1792,2319,2749
1296,2878
1252,1320,1771,2697
2023,2026
1860,1931
586,989
1437,1996
415,1018,1959
157,473,1068,1731
588,1327
418,1166,2443
577,1966
949,2079,2355
196,306,2947
470,1559,1742
739,1249,1865
1229,2789,2878
191,1403
143,1503
24,679,895,1124,2158
1091,1847
458,1363
253,2695
212,2629
1839,2742
310,929,2421
2686,2785
820,1871
91,1199
1093,1478
1083,2568
506,765
534,1284,1629
179,590
98,828,1858
353,1009
652,1845
233,741,1316,1774
254,2107
169,1483
239,2809
479,1678,2288
96,2401
1166,1497,2725
726,1104,1544
1179,1601
897,1646
36,185,527,2524
90,1000,1310
548,1049,1467,1698,2326
1298,1643
2441,2875
316,2828
796,1400
122,1712
387,460,2005,2777
113,2082
442,2713
15,1641
744,1215
1201,2419
127,1094
1189,1854
246,1814
398,450,452,2037
545,2615,2832
587,1383,2700
726,1121,1988
166,2275
1554,1591,2415,2705
300,1129
172,473,937
1513,1975
1041,2647
307,864,2895
782,2493
1668,2112
1432,2572
76,457
1805,1850,2663
1322,2025
978,1935
48,495,556,1461
900,1688,2435
321,1237,1606
1145,2165
172,2211
1502,1723
1545,1597
496,982
21,1638
327,1154
525,2806,2810
420,2471
331,777,1101
287,1351,1744
255,2654
345,1023
303,1534,1890
933,2093
1424,1498,2144
60,81,723
571,1336,2287
1428,2309
275,976,1312,2306
609,1597,1740
185,2476
41,1854,2920
494,2459
113,419
218,318,871,1330
531,963
883,1001
59,2521
1352,2163
114,2588
1923,2640
794,2018
501,1635
285,1214
17,71,1005,1860
1298,2806
2,249
58,275
1240,1286,2675
186,1173,2783
1351,1586
713,1681
936,2663
2,1467,1744,2531
286,1858
7,956,1985,2171
393,1512,2052,2328
145,588,1065
524,2449
65,1070,2629
73,375
151,877,930,1011,2107
1622,2246
89,1706
1768,1935,2472
733,1749,2388
134,1834
1705,1998
251,1348,1445,2047,2827
288,419
123,559,747,850
1335,1433
768,1827
685,990
787,2560
392,578,1240,1407
187,200,2070,2718,2930
197,258
1290,2290
191,1034,1097
991,2747
29,335,1118
136,1565
1045,1853
418,451,2770
397,491,1161,1393,2552
292,1630,2583
13,935,2389,2931
783,1144
1111,1212,1990
397,1211
84,373
702,1881
822,1854,2041
58,275,321,922,2044
287,950,1150,1381,1676
88,141,2563
399,2267
1337,1360
418,1648
2422,2891
109,292,1011,1174
804,1540
276,964
286,1172,2183,2824
2006,2301
421,863
551,2521
851,1413
2880,2938
173,1259
2139,2692
306,406,794,2487
352,1046
541,555,1377,2506
1296,1662
166,2769,2919
594,1032
142,400,1274
384,2380
317,686,2986
209,2291
1244,2741
372,1030,1331,1917,1972
1661,2097
33,531
826,881,1418,2365
77,704
80,208,2592
232,1074,2235
632,1179
279,405,837,2574
1225,1477,1486
16,295,589,2402
367,2420
1271,1411
417,2373
136,182,2430
791,831
50,69,1579
1165,1523
2228,2305
130,539,2197,2322
94,339,421,1367,2252
258,404,461,1019,1903
75,937
612,732
1163,1738
983,2651
221,1073,2639
1307,1465,2217,2555
276,1553,2637
126,1240,1557,2772,2956
692,1706
91,350,1321,2722
590,1076,2192,2939
437,1487,1666,2473
2030,2720
384,836
15,2007,2603
530,1579
413,633,1694,2343
145,1507,2756,2777
1419,2134
635,1649,1918
1276,2241,2321
224,703
1414,2371,2691
150,605,978,1287,1926
658,2865
248,1098
623,976,1103
1304,1943
528,575
621,2808
1006,1565
716,819,2703
289,2088
1817,2638,2753
66,212
512,551
688,1105,2709,2734
973,1303,1456,2498
711,1142
165,349,431,1053
197,2584
471,644,826,1914
573,2987
165,347,1261,1312,1610
229,259
1097,2119
68,800,2910
731,2016
467,2300
388,2365,2636
191,2771
301,792
901,994
733,1964,2629
739,1801,2275
135,756,1436
1753,1983
1707,2868
313,936,2578
302,1579
668,955
54,2383
416,1014,1792,2823
1052,1060
360,757,1624
628,1004,1307,2185,2517
1323,2618
658,1832
178,1223
345,1239,2489
562,703
30,1111,2616
547,1025,2927
1174,1441,2035,2435
1338,2686
1095,1973
1433,1969
14,2530
403,475,1339,2238
114,2329
823,1170
378,1213
32,1376,1981
123,1459
338,1641,1830,1999
1123,1255
39,2291
309,1664
237,255
430,585
646,1437
14,945,1496,1760
1409,2272
49,479,537,1914
356,526,767,2807
528,1353
2028,2187
17,2068
1081,1130
291,492
55,2013
132,294,339,2853
906,1667
616,1401
26,1532
577,1349,2969
555,1453,2233,2579
355,1614,2788
71,863,1295,2895
980,1791
259,1359
83,2901
267,2327
181,1245
591,682,1145,1776
783,1448
831,1648,2949
683,1109,2145
680,726
35,38,621,2666
1059,1316,2206
183,215,303,2318
840,1903
383,587
700,2263
205,455,1986,2568,2849
382,763,1536
13,777,956,2118
1307,2593
96,1061
439,535
363,367,920
150,814,1773
1470,2661
1124,1668
72,981
129,180
879,1733
135,877
946,1283
95,987
977,1585,2231
57,1125,1542
971,1200,1569,1954
250,2601
82,257
1205,2679
497,1340,1528,2976
213,557
1549,1779,2014
807,1441
363,2622
341,367
86,1190,1962,2271,2858
69,129,539
270,365
1303,2131
296,467,933,2923,2946
634,1726
268,1777,1788,2302
182,594
201,626,720,2571
1120,1185,1784,2872
739,986,1821,2624
90,2297
437,537
97,342,746,1218
7,722,1576
1324,1924,3000
2300,2597
222,378,883
530,1195,1788,2551
351,569,2483
564,1442
243,369,428,710
1450,2408
1067,1391
579,1619
365,2083
223,516,2811
708,1643
443,672
224,1298
131,1414,2561
52,487,529,2605
104,1804,2623
456,511
190,828,1179
189,463
1047,2183,2469,2671,2840
722,2259,2429
2,2105
758,906
217,390,2374
972,2109
1199,2199,2273
597,823,1010,1886
60,1857,2350
472,2117
388,2016
485,892
528,1583
1433,1601,1616,1969
210,1993
49,1342
489,554
86,254,289,2273
902,2057,2405
1855,2694
281,1511
203,1973,2944
354,2548
1987,2633
209,369
1036,1316
1775,1842
269,744,1586,2831
922,1789
23,2001
967,1527,1566,2479
904,1402
454,616,1615,2172
324,783,1138,1572
206,1893
731,774,2153,2949
294,1232
612,2927
537,2461,2843
352,459,630,821,1221
682,1703
8,241
480,1804
1224,1931,2385
37,435,1166
415,1526,2323
262,1419,1455,2876
584,2689,2709
592,1971,2469
126,128,338,718,888
738,968
903,2732
1002,1131,2803
101,2215
2733,2748
323,326,535
168,2896
214,499
258,764
2203,2837
84,2003
29,710
932,2918
2195,2407,2424
432,1431,2589
415,463,2051
253,532
2268,2549
987,1217,2148
237,376,1271,2803
24,311
424,1206
285,1586
506,515,586
180,602,822,1550,1565
103,362
210,642
411,703,1658
982,2698
1105,1651
99,186,2740
366,1121,1452
581,827,1207,1840
322,402,463,1272,2824
389,576,3000
258,428,1700
632,2200
549,967
1232,2363
119,202,2609
112,1780
601,798,2545
208,1303,1787,2364
518,1376,1394
2261,2389
73,228,1997
395,994,1356
164,519
870,1279,1508,2209
1083,2190
667,2864
262,1651
55,560,589
39,198
392,922,1231
93,2865
549,2822
720,1945,2413,2810
174,934,1127,1907
426,2499
57,1478,1872
871,1931,2514
395,415,611,786,1709
1302,1992
838,2497,2539,2744
227,1538,2424,2587
470,2611
812,2899
590,1327,1568,1632
825,893,2463,2515
862,1503,1681
70,214
825,2066,2728
457,1408
862,916,1108,1878
243,1427
2008,2030
69,356,788,2660
170,309
1872,2412
2311,2779
661,2981
59,363,484,1453,2229
799,1025,1206
1284,1871
854,1491,1930,2546
285,1557,2236
427,633,1707,2291
1746,1809
108,1976
630,1609,2034
357,1479,1866
1929,2361
574,1956
537,599,616
272,561,1104
1049,1068,1773,2577
1345,1427,1713
510,1850
639,1078,2867
116,504,1440
206,2443
194,1454
53,704,2160
821,872
625,818,1256,1269
1410,1631,2045
211,336
27,948
156,240,603,763
1062,1152
134,1598
386,2758
1004,1760,2032,2183
221,1282,1738,2223
654,1555,2105,2486,2903
479,2084
1845,2097,2446,2746
233,1175,1784,2356
635,1557
23,1306,1719
605,943,2764
577,667,1311,2626
158,183,2178,2905
17,222
466,1227,2661
1637,1915
645,1288
322,1253
965,1928
2143,2738
816,2902
1370,2942
116,242,698
93,794,1159
177,1584,2740
646,1606,1826
92,782,1844
199,1662,2534,2565
495,922,1566
1710,2258
178,1817
184,209,919
647,2080
261,326,1234,1630,2339
835,1645
638,2674
19,1553,2568,2836,2879
425,589
2173,2793
136,2645
1404,1744
27,823,1974
579,677,2542
621,1324,2141
295,316,557,1964
438,824,1517
2164,2399
493,2264
586,780,2421
634,2628,2787
240,992,2146
1650,2101
1399,2058,2442,2472
23,536,1361,2482
167,552
268,276
21,438,1020,1185
1418,2514
35,842
653,745,832,1264,2410
1096,2678
1113,1251,1409
78,271,1209,2569
317,1344
552,2653
427,1208
119,374,1009,1944
83,2585
200,285,383,2335
228,533,855,1437
1114,2100
371,391,766,838
91,292
2473,2547
155,1554,1940,2204
374,1371,2261,2781
443,898,1672
1321,2124,2381,2836
522,974,1682
1417,1816,2650
589,874
760,946
702,817
1125,2728
1696,1941,2549,2722
686,1168,1178,1310,2204
204,1525
273,1203,1876
1231,1857
1514,2309
235,1184
413,992,1398,2619
725,1960,2813
1583,2016
66,497,1854,1969
133,312,666,2596,2902
786,1898
1510,2110
623,732,1745,2208
63,146
335,1586,1884,2208
397,873,2129
912,1416
258,1832,2423
822,1050,1531,1630
873,1215,1740,2141
2302,2369
37,94,1082
1455,2434
128,245,2107
1730,2720
75,77,1458
1392,2492
950,1442,2484
2029,2344
723,1530
121,644,970,1925,2128
929,1947
2357,2412
278,2020
604,1056,1176
735,860
478,780
346,490,719,1084
5,18,708,2829
91,522,665,1452,1756
552,1411
223,2488
57,1195
1995,2212
248,272,1348
426,1020,2530
310,1960
388,1923
68,2268,2758
1041,2076
297,1020,2234
22,1474
2369,2601
42,545,1924
497,1436,1769,2879
200,359,2594
326,830,2715
1582,1622,1849
187,305,2996
372,521
1220,2346
326,898,1862
633,1645,1885
781,1334
713,1486,2912
127,1084,1172,2764
734,1539,1587
5,225,2693,2943
252,491
718,798,2719
287,1189,2030,2284
28,2154
259,470,1135,1175,2358
165,648,2201
1162,2021
398,475,1355
302,1998
133,688
287,485,1381
1699,2695
109,870,986
1264,1496,1799
676,798,2565
251,1570,2114
290,296,1840
520,978,1090,2176,2424
686,2131,2558
669,2862
107,209,491,1831
59,2181
